0.102752240948201;0.11231190711259842;[0.729100289167685, -0.17009650239263419, -0.2028377245952686, -0.07088481214055742, 0.4004554086437986, -0.8711732507611436, -0.033533941931302325, 0.4419075708069973, 0.6911668688715984, -0.8059154322262123, 0.005775070275121363, -0.5176826281238622, -0.968391090662932, 0.7799720580150507, -0.01423934060099663, 0.5600718794633779, -0.0594402544613124, -0.4339035242501157, 0.47633224551759046, 0.11283011381140717, 0.3180202464769726, -0.5377138816793228, 0.5079248471057265, 0.3744975855187769]
0.10265337290861275;-395.082275390625;[0.7292003035545349, -0.1701965034008026, -0.20293772220611572, -0.0707848072052002, 0.40035542845726013, -0.8710732460021973, -0.033633943647146225, 0.44200757145881653, 0.6910668611526489, -0.8060154318809509, 0.005675070453435183, -0.5175825953483582, -0.9684911370277405, 0.7800720930099487, -0.014139341190457344, 0.5599718689918518, -0.05954025685787201, -0.4340035021305084, 0.4764322340488434, 0.11293011903762817, 0.31812024116516113, -0.5376138687133789, 0.5078248381614685, 0.3743976056575775]
0.09331198157150737;-381.6855773925781;[0.7391815781593323, -0.18018916249275208, -0.21109652519226074, -0.060639336705207825, 0.39114701747894287, -0.8610562086105347, -0.04358799010515213, 0.4520067870616913, 0.6810705065727234, -0.8161711096763611, -0.004494739696383476, -0.5075664520263672, -0.9785104393959045, 0.7906733751296997, -0.004128702916204929, 0.5499765276908875, -0.06922923028469086, -0.44404280185699463, 0.48652344942092896, 0.122494176030159, 0.32653042674064636, -0.5276061296463013, 0.4978266954421997, 0.3783116638660431]
0.08562220349989885;-369.5788269042969;[0.7491273283958435, -0.19018127024173737, -0.22000622749328613, -0.05053293704986572, 0.38226911425590515, -0.8510513305664062, -0.053550850600004196, 0.4620111882686615, 0.6710708141326904, -0.8261998891830444, -0.014221671968698502, -0.49755921959877014, -0.9884815812110901, 0.8009480834007263, 0.005841914098709822, 0.5399845838546753, -0.07876258343458176, -0.45406022667884827, 0.49654310941696167, 0.1319277286529541, 0.327160507440567, -0.5176138281822205, 0.48790639638900757, 0.387452632188797]
0.07667257638634278;-350.954833984375;[0.7585375905036926, -0.20039746165275574, -0.23260653018951416, -0.04002242907881737, 0.3741629719734192, -0.842451810836792, -0.06378848105669022, 0.47440600395202637, 0.6606618762016296, -0.8261361718177795, -0.031845029443502426, -0.48778948187828064, -0.9921517372131348, 0.8056368231773376, 0.007125297095626593, 0.5283039212226868, -0.10185712575912476, -0.4617829918861389, 0.5075889825820923, 0.14779746532440186, 0.32726508378982544, -0.5124740600585938, 0.4893910884857178, 0.4011766016483307]
0.06767407985903941;-337.0762023925781;[0.769261360168457, -0.20778627693653107, -0.24604274332523346, -0.028767652809619904, 0.36980482935905457, -0.843955934047699, -0.07434452325105667, 0.48268574476242065, 0.6501871943473816, -0.8305829763412476, -0.047883592545986176, -0.4780300557613373, -0.9921903014183044, 0.8175860643386841, 0.005427149124443531, 0.5177299976348877, -0.11620409786701202, -0.46147167682647705, 0.513432502746582, 0.15950962901115417, 0.32728877663612366, -0.5095731019973755, 0.4962228834629059, 0.41506099700927734]
0.059694083265948265;-325.90301513671875;[0.782263994216919, -0.20996516942977905, -0.2555231750011444, -0.01660350151360035, 0.36403462290763855, -0.8463922142982483, -0.07896747440099716, 0.4898458421230316, 0.6397726535797119, -0.8392162919044495, -0.05554058775305748, -0.4672252833843231, -0.9947060346603394, 0.8283698558807373, 0.006150172557681799, 0.508142352104187, -0.11526535451412201, -0.4612883925437927, 0.5163086652755737, 0.17075079679489136, 0.3274587094783783, -0.504873514175415, 0.49277573823928833, 0.4224858582019806]
0.05412198736890991;-318.5670166015625;[0.7913419604301453, -0.21093477308750153, -0.2625678479671478, -0.008642042055726051, 0.3593353033065796, -0.8490702509880066, -0.08115648478269577, 0.49521005153656006, 0.6306808590888977, -0.8356366753578186, -0.06049763038754463, -0.45835447311401367, -0.9923540949821472, 0.8269706964492798, 0.007105257827788591, 0.4993734061717987, -0.11490698903799057, -0.46116602420806885, 0.5188050270080566, 0.1791066974401474, 0.3272324204444885, -0.49897751212120056, 0.48904120922088623, 0.4271675944328308]
0.05001258364710819;-313.72869873046875;[0.798120379447937, -0.21124620735645294, -0.26784947514533997, -0.004845095332711935, 0.355643093585968, -0.8501405119895935, -0.08137235790491104, 0.49911069869995117, 0.6223042607307434, -0.8228524327278137, -0.06333864480257034, -0.45134320855140686, -0.9840326309204102, 0.8152633309364319, 0.008753450587391853, 0.4913884103298187, -0.11484735459089279, -0.46100887656211853, 0.5208223462104797, 0.18455536663532257, 0.3273574113845825, -0.49208495020866394, 0.4845333993434906, 0.4297996759414673]
0.04571510104954938;-308.5074157714844;[0.8061593174934387, -0.21067839860916138, -0.27283695340156555, -0.0008143155719153583, 0.3515024781227112, -0.8510321974754333, -0.08294443041086197, 0.5029616951942444, 0.6136828660964966, -0.8101834058761597, -0.06529098749160767, -0.44366979598999023, -0.9759625196456909, 0.8023566603660583, 0.010318509303033352, 0.4830869436264038, -0.11322089284658432, -0.46089181303977966, 0.5221682786941528, 0.19062308967113495, 0.32753583788871765, -0.48445284366607666, 0.4792068600654602, 0.43196341395378113]
0.04138174397680427;-303.124755859375;[0.8147872090339661, -0.20975442230701447, -0.2778947353363037, 0.0036065964959561825, 0.34701231122016907, -0.8519266247749329, -0.08467916399240494, 0.5069574117660522, 0.6048704981803894, -0.7981254458427429, -0.06705725193023682, -0.43564310669898987, -0.9679637551307678, 0.7894061803817749, 0.011755669489502907, 0.47453662753105164, -0.11116192489862442, -0.46075743436813354, 0.5233702659606934, 0.19698785245418549, 0.3270624876022339, -0.4763578474521637, 0.47354504466056824, 0.43410512804985046]
0.03702465409163057;-297.87445068359375;[0.822498083114624, -0.20844751596450806, -0.28340718150138855, 0.008227711543440819, 0.3425082564353943, -0.8517211079597473, -0.0861470103263855, 0.5107007622718811, 0.5959147810935974, -0.7879939675331116, -0.07010335475206375, -0.4274104833602905, -0.9607195258140564, 0.7796640396118164, 0.013526564463973045, 0.46582165360450745, -0.10857725888490677, -0.46062177419662476, 0.5249956846237183, 0.20345203578472137, 0.327065110206604, -0.46857771277427673, 0.46811363101005554, 0.4365394711494446]
0.032629550496250874;-292.32403564453125;[0.831112802028656, -0.20757609605789185, -0.2894679009914398, 0.013470263220369816, 0.3371598422527313, -0.8503144383430481, -0.08713830262422562, 0.5142616033554077, 0.5869141817092896, -0.779469907283783, -0.07181105017662048, -0.4188670217990875, -0.9536573886871338, 0.767886757850647, 0.0149686885997653, 0.4568111300468445, -0.1060740202665329, -0.4604949653148651, 0.5273435711860657, 0.2102808654308319, 0.32709187269210815, -0.46089866757392883, 0.46299195289611816, 0.44043880701065063]
0.02678273464661355;-284.9858093261719;[0.8430642485618591, -0.20428767800331116, -0.29657596349716187, 0.01976284757256508, 0.3345242440700531, -0.8505266904830933, -0.08803599327802658, 0.5170425176620483, 0.5785607099533081, -0.7720024585723877, -0.07083403319120407, -0.4094294309616089, -0.9303590655326843, 0.7610460519790649, 0.014849498867988586, 0.4473698139190674, -0.10449542105197906, -0.46023496985435486, 0.5302553772926331, 0.21837666630744934, 0.3271486461162567, -0.4562906324863434, 0.45893219113349915, 0.44596067070961]
0.021435057572253915;-277.5851135253906;[0.8553277850151062, -0.20117978751659393, -0.3032538890838623, 0.026966387405991554, 0.3338453471660614, -0.8525454998016357, -0.0886656641960144, 0.5195819735527039, 0.5702184438705444, -0.7624610662460327, -0.06890532374382019, -0.39982423186302185, -0.9093362092971802, 0.7571098804473877, 0.015054605901241302, 0.4380159080028534, -0.10200657695531845, -0.4599430561065674, 0.5324586629867554, 0.22684988379478455, 0.3272584080696106, -0.4514017105102539, 0.4543069899082184, 0.45169389247894287]
0.017025658835764908;-270.9905090332031;[0.8641080260276794, -0.19760343432426453, -0.3096851706504822, 0.034280821681022644, 0.33182916045188904, -0.8537581562995911, -0.08924038708209991, 0.519941508769989, 0.5618146061897278, -0.7556459903717041, -0.06689077615737915, -0.3901419937610626, -0.8918746113777161, 0.755020022392273, 0.016291625797748566, 0.4287400245666504, -0.10206754505634308, -0.4597640335559845, 0.5343848466873169, 0.23541565239429474, 0.327385812997818, -0.4463847279548645, 0.45304545760154724, 0.45719218254089355]
0.01328105180093423;-264.8619384765625;[0.8712709546089172, -0.19412706792354584, -0.31550416350364685, 0.041582535952329636, 0.32947108149528503, -0.8550508618354797, -0.08945123106241226, 0.5200381278991699, 0.553254246711731, -0.7496941685676575, -0.06496675312519073, -0.3810836374759674, -0.8762862682342529, 0.7530569434165955, 0.0169291440397501, 0.4193609952926636, -0.10258058458566666, -0.4595080018043518, 0.5360538959503174, 0.24411103129386902, 0.3272871971130371, -0.4416729807853699, 0.4535231590270996, 0.4621769189834595]
0.010024886205943922;-258.9245300292969;[0.878370463848114, -0.19156943261623383, -0.3189399242401123, 0.04995310306549072, 0.32737821340560913, -0.8562668561935425, -0.08941511809825897, 0.5204851031303406, 0.5444934964179993, -0.7436805963516235, -0.06208839640021324, -0.3724552094936371, -0.8618742227554321, 0.75112384557724, 0.017312796786427498, 0.4098261594772339, -0.10325302183628082, -0.4593956470489502, 0.5384790897369385, 0.2529750168323517, 0.32694268226623535, -0.4380449652671814, 0.4544241726398468, 0.464697927236557]
0.0072067399765765325;-253.04971313476562;[0.8852797150611877, -0.1889440417289734, -0.32226255536079407, 0.0587049275636673, 0.32482442259788513, -0.8579797148704529, -0.08903483301401138, 0.5211294889450073, 0.5356366634368896, -0.7382062077522278, -0.05932632461190224, -0.36379051208496094, -0.8481918573379517, 0.7473463416099548, 0.017124617472290993, 0.4003828167915344, -0.10332955420017242, -0.4592428207397461, 0.5408076047897339, 0.26179012656211853, 0.32696905732154846, -0.4341263473033905, 0.45487016439437866, 0.466662734746933]
0.004919666678469249;-247.4342498779297;[0.8918501138687134, -0.18636178970336914, -0.32467904686927795, 0.06711879372596741, 0.3209458291530609, -0.8609373569488525, -0.08769483864307404, 0.5219248533248901, 0.5270620584487915, -0.7334268689155579, -0.0558885782957077, -0.3552757203578949, -0.8346921801567078, 0.7418317198753357, 0.016119880601763725, 0.39093679189682007, -0.10430241376161575, -0.45915451645851135, 0.5419327020645142, 0.27017709612846375, 0.32712775468826294, -0.43038615584373474, 0.45644739270210266, 0.4664556384086609]
0.0032286664402388842;-242.25367736816406;[0.8927599191665649, -0.18383638560771942, -0.32589584589004517, 0.07516999542713165, 0.32125791907310486, -0.8632488250732422, -0.08444084227085114, 0.523179829120636, 0.51922607421875, -0.7297472953796387, -0.05151815339922905, -0.34617510437965393, -0.8213805556297302, 0.7404112815856934, 0.016283076256513596, 0.38188037276268005, -0.10432310402393341, -0.4589545428752899, 0.542769193649292, 0.2782408893108368, 0.32738471031188965, -0.4271812438964844, 0.45673826336860657, 0.46544304490089417]
0.001964133245203511;-213.98080444335938;[0.8869550228118896, -0.18268945813179016, -0.32723477482795715, 0.08154317736625671, 0.32775595784187317, -0.8653508424758911, -0.07902591675519943, 0.5249894261360168, 0.5123488306999207, -0.7261755466461182, -0.046003520488739014, -0.32749423384666443, -0.8086215853691101, 0.7356773018836975, 0.018030941486358643, 0.3735158145427704, -0.10367550700902939, -0.45867469906806946, 0.5441033244132996, 0.2860718071460724, 0.3272969722747803, -0.4248032569885254, 0.4574698507785797, 0.4656083285808563]
0.0012529622000758578;-210.33651733398438;[0.8822527527809143, -0.18003585934638977, -0.3290003836154938, 0.08554825931787491, 0.3362254798412323, -0.8682015538215637, -0.07166393101215363, 0.5262487530708313, 0.5055302381515503, -0.7240604162216187, -0.03955214470624924, -0.3259109556674957, -0.7970908284187317, 0.7275130748748779, 0.018683508038520813, 0.36548417806625366, -0.10079632699489594, -0.4581615626811981, 0.5428612232208252, 0.2937382161617279, 0.32707294821739197, -0.42193859815597534, 0.4576188325881958, 0.4640103876590729]
0.000666715206900655;-206.45687866210938;[0.8786233067512512, -0.17741519212722778, -0.33149436116218567, 0.08924403041601181, 0.3436337411403656, -0.8696028590202332, -0.06065836921334267, 0.527809739112854, 0.49860724806785583, -0.7215526700019836, -0.033093322068452835, -0.32438045740127563, -0.7855139970779419, 0.718227207660675, 0.018900834023952484, 0.3570626378059387, -0.09847855567932129, -0.4588991403579712, 0.5425344705581665, 0.301563024520874, 0.3274964690208435, -0.41857293248176575, 0.45815804600715637, 0.4635331630706787]
0.0005800839840909428;-204.42684936523438;[0.8742712736129761, -0.17415392398834229, -0.3311710059642792, 0.0881202295422554, 0.3470703065395355, -0.8678117394447327, -0.05204692482948303, 0.5236867070198059, 0.494441956281662, -0.7190774083137512, -0.02724580094218254, -0.3239160180091858, -0.7794690728187561, 0.7080066204071045, 0.017863254994153976, 0.35045167803764343, -0.10179302841424942, -0.45893630385398865, 0.5435574054718018, 0.303628534078598, 0.32681527733802795, -0.41363319754600525, 0.4570402503013611, 0.4590446352958679]
0.0006045158804413094;-203.097900390625;[0.870915949344635, -0.17048151791095734, -0.3294740915298462, 0.08564594388008118, 0.3492831885814667, -0.8648154139518738, -0.04734375327825546, 0.5161553621292114, 0.4908275008201599, -0.7157412171363831, -0.022028431296348572, -0.32342925667762756, -0.7747341990470886, 0.7004712820053101, 0.01626700535416603, 0.3470907509326935, -0.10671878606081009, -0.4588720500469208, 0.5449309945106506, 0.30412420630455017, 0.3264756500720978, -0.4096834063529968, 0.455837219953537, 0.45332247018814087]
0.0006299593593829998;-201.96234130859375;[0.8674477934837341, -0.16744574904441833, -0.32838067412376404, 0.08320154994726181, 0.35131919384002686, -0.8655802011489868, -0.044735029339790344, 0.5098220705986023, 0.4871123731136322, -0.711635410785675, -0.01681976392865181, -0.3231832981109619, -0.7703243494033813, 0.6919062733650208, 0.015749672427773476, 0.3438769578933716, -0.1115952655673027, -0.4590812921524048, 0.5458436608314514, 0.30434828996658325, 0.32592490315437317, -0.40631362795829773, 0.4558057188987732, 0.4483410716056824]
0.0006546525297814196;-200.8802490234375;[0.8638409376144409, -0.16442641615867615, -0.32726675271987915, 0.0806378498673439, 0.3535817861557007, -0.8663727641105652, -0.04219678416848183, 0.5041792988777161, 0.4833180606365204, -0.7074877023696899, -0.011690914630889893, -0.322946697473526, -0.7660513520240784, 0.6830683946609497, 0.015206179581582546, 0.34071290493011475, -0.11608704179525375, -0.4590962529182434, 0.5468906164169312, 0.30443528294563293, 0.32531434297561646, -0.4029865264892578, 0.4558285176753998, 0.4435098469257355]
0.0006819409263833381;-199.87969970703125;[0.8603099584579468, -0.16209092736244202, -0.32609057426452637, 0.07809057831764221, 0.3557452857494354, -0.8671099543571472, -0.03961824253201485, 0.49855345487594604, 0.4793713092803955, -0.703514814376831, -0.010312546044588089, -0.32268911600112915, -0.7623058557510376, 0.6739285588264465, 0.014833349734544754, 0.33745190501213074, -0.12053117156028748, -0.45918285846710205, 0.5479140281677246, 0.3045198619365692, 0.32467615604400635, -0.39993706345558167, 0.45541325211524963, 0.438870906829834]
0.0007095443673090762;-198.8899688720703;[0.8567625880241394, -0.16040125489234924, -0.32503101229667664, 0.07551088184118271, 0.35803574323654175, -0.8680586218833923, -0.037182219326496124, 0.4929799735546112, 0.47526201605796814, -0.699573278427124, -0.009030155837535858, -0.3224220871925354, -0.7584717273712158, 0.6648451089859009, 0.014726482331752777, 0.3344529867172241, -0.1250593513250351, -0.4592503607273102, 0.5490099191665649, 0.3046340346336365, 0.32400044798851013, -0.3977639675140381, 0.45449092984199524, 0.434395432472229]
0.0007270144054285459;-197.96939086914062;[0.85357666015625, -0.15753783285617828, -0.3245220184326172, 0.07336296886205673, 0.3607606589794159, -0.8688561320304871, -0.03431206941604614, 0.4884470999240875, 0.4709319770336151, -0.6955738663673401, -0.007796301972121, -0.3220618665218353, -0.7540776133537292, 0.656751811504364, 0.014428969472646713, 0.3345171809196472, -0.12944647669792175, -0.45930373668670654, 0.550186038017273, 0.3052408695220947, 0.32340115308761597, -0.39525213837623596, 0.453677237033844, 0.429813027381897]
0.0007515292787290181;-197.082275390625;[0.8503156900405884, -0.155520960688591, -0.3241076171398163, 0.07100454717874527, 0.3639371693134308, -0.8672915697097778, -0.03140633925795555, 0.4842934012413025, 0.4665333926677704, -0.6917393207550049, -0.007284561172127724, -0.3217341899871826, -0.7498816847801208, 0.648647129535675, 0.014266245067119598, 0.33448541164398193, -0.13389930129051208, -0.45935195684432983, 0.5496719479560852, 0.3057469427585602, 0.32276973128318787, -0.3930702805519104, 0.4530280530452728, 0.4255601465702057]
0.0007809093205750611;-196.21746826171875;[0.8472579717636108, -0.1537792831659317, -0.3252883851528168, 0.06838297843933105, 0.3675112724304199, -0.8641875386238098, -0.028194526210427284, 0.47994592785835266, 0.4620719254016876, -0.6882427930831909, -0.006885217037051916, -0.3213775157928467, -0.7457999587059021, 0.6408454179763794, 0.01391630619764328, 0.33448168635368347, -0.13811735808849335, -0.45935067534446716, 0.5478812456130981, 0.30612388253211975, 0.32211658358573914, -0.3911319375038147, 0.45211079716682434, 0.4223763644695282]
0.000815997742931298;-195.36659240722656;[0.8451499938964844, -0.15218769013881683, -0.3266364634037018, 0.06560907512903214, 0.371675580739975, -0.8610771298408508, -0.025441119447350502, 0.47584232687950134, 0.4576052725315094, -0.6843651533126831, -0.006801547482609749, -0.32106098532676697, -0.7418850660324097, 0.6329439878463745, 0.01369454711675644, 0.33445265889167786, -0.14283037185668945, -0.4594002962112427, 0.5463377237319946, 0.3064059913158417, 0.32136428356170654, -0.3893011808395386, 0.45048195123672485, 0.41943660378456116]
0.0008575535157585935;-194.4945526123047;[0.8434584736824036, -0.15068553388118744, -0.32809361815452576, 0.062362298369407654, 0.3760511875152588, -0.8580610752105713, -0.022762661799788475, 0.47188588976860046, 0.45305266976356506, -0.6804071664810181, -0.007095902226865292, -0.3207866847515106, -0.7379629611968994, 0.6247627139091492, 0.013607094995677471, 0.33440667390823364, -0.14770324528217316, -0.4594593048095703, 0.544937252998352, 0.30667558312416077, 0.32055193185806274, -0.38750120997428894, 0.4485393464565277, 0.4162657558917999]
0.0009012927321852451;-193.6353302001953;[0.8416949510574341, -0.14924460649490356, -0.3295336961746216, 0.0590120293200016, 0.38095951080322266, -0.8548694252967834, -0.02007002755999565, 0.46812868118286133, 0.4483923316001892, -0.6763384342193604, -0.006991593167185783, -0.3204804062843323, -0.733992874622345, 0.6171302199363708, 0.01382182352244854, 0.3343876600265503, -0.15253113210201263, -0.45952534675598145, 0.5435575246810913, 0.3069612681865692, 0.31969815492630005, -0.3856285810470581, 0.4465695321559906, 0.41338813304901123]
0.0009532486704470754;-192.7857666015625;[0.8398846387863159, -0.1474599689245224, -0.33028849959373474, 0.05545313283801079, 0.386782705783844, -0.8513950109481812, -0.017509136348962784, 0.46477267146110535, 0.44376248121261597, -0.6716023087501526, -0.0050347973592579365, -0.32008373737335205, -0.7301121354103088, 0.612057089805603, 0.01418477762490511, 0.3343798518180847, -0.15717831254005432, -0.4595291316509247, 0.5422001481056213, 0.30716022849082947, 0.3187519311904907, -0.38363221287727356, 0.4445963501930237, 0.4112396538257599]
0.0009917605848911873;-192.07931518554688;[0.8379515409469604, -0.14609448611736298, -0.3315746784210205, 0.05183310806751251, 0.38726353645324707, -0.8463371396064758, -0.0167682021856308, 0.4615961015224457, 0.4393461346626282, -0.667198896408081, -0.0019349819049239159, -0.31977343559265137, -0.7264617085456848, 0.607225775718689, 0.014221751131117344, 0.33436712622642517, -0.16118749976158142, -0.459430992603302, 0.5416715741157532, 0.30698561668395996, 0.31775403022766113, -0.38362306356430054, 0.44225117564201355, 0.40862151980400085]
0.001028046815954908;-191.3768768310547;[0.8358721733093262, -0.14504534006118774, -0.3326871991157532, 0.04839307814836502, 0.3878910541534424, -0.8407300710678101, -0.016321703791618347, 0.4585306644439697, 0.4348050653934479, -0.6640570759773254, 0.0012383965076878667, -0.31943196058273315, -0.7228541970252991, 0.6022602915763855, 0.014656532555818558, 0.33432507514953613, -0.16500064730644226, -0.4594483971595764, 0.5414053201675415, 0.30671003460884094, 0.3167046010494232, -0.3836938142776489, 0.43987154960632324, 0.40615659952163696]
0.0010626995776171861;-190.7421112060547;[0.833848774433136, -0.14437082409858704, -0.3332996964454651, 0.04528244957327843, 0.3886055052280426, -0.8345760703086853, -0.015999801456928253, 0.4557461142539978, 0.43012216687202454, -0.6635347008705139, 0.0036693161819130182, -0.31904351711273193, -0.7196275591850281, 0.5973382592201233, 0.014034982770681381, 0.33432531356811523, -0.1687321811914444, -0.45941776037216187, 0.5417371988296509, 0.30632779002189636, 0.315522164106369, -0.3834523558616638, 0.43754202127456665, 0.40465500950813293]
0.001096053541791014;-190.12832641601562;[0.8317379951477051, -0.1438499093055725, -0.33417975902557373, 0.04175930842757225, 0.38931742310523987, -0.828551173210144, -0.015576633624732494, 0.45318928360939026, 0.42538613080978394, -0.6628667116165161, 0.005267598666250706, -0.31859657168388367, -0.7165940403938293, 0.5949894189834595, 0.013636276125907898, 0.33426526188850403, -0.1723056584596634, -0.45942702889442444, 0.5423996448516846, 0.306359201669693, 0.31428098678588867, -0.3832213580608368, 0.4349885880947113, 0.40272724628448486]
0.0011334464919970433;-189.49752807617188;[0.8295785188674927, -0.1432299017906189, -0.3351183533668518, 0.038136981427669525, 0.3898736536502838, -0.8224836587905884, -0.01501770131289959, 0.450562983751297, 0.42055848240852356, -0.6621592044830322, 0.007022780366241932, -0.31812211871147156, -0.7135757803916931, 0.5924988389015198, 0.013666347600519657, 0.3342323303222656, -0.1759040504693985, -0.4593838155269623, 0.542977511882782, 0.3063580095767975, 0.31298646330833435, -0.3830910325050354, 0.43241986632347107, 0.4007457494735718]
0.001175494553895816;-188.84178161621094;[0.8274028897285461, -0.14264065027236938, -0.3360497057437897, 0.03452927619218826, 0.3906652629375458, -0.8162108063697815, -0.014460861682891846, 0.4478535056114197, 0.41552552580833435, -0.6622053980827332, 0.00889038760215044, -0.3175840675830841, -0.710573673248291, 0.5904816389083862, 0.013484259136021137, 0.3342025876045227, -0.1797582507133484, -0.45939335227012634, 0.5436749458312988, 0.3063039481639862, 0.3116177022457123, -0.38292762637138367, 0.42993178963661194, 0.39879485964775085]
0.0012170467212694646;-188.13876342773438;[0.8249848484992981, -0.1419365108013153, -0.33694055676460266, 0.030990200117230415, 0.3918372690677643, -0.8109737634658813, -0.01386483758687973, 0.4451081156730652, 0.4102514386177063, -0.662186324596405, 0.011723839677870274, -0.31697899103164673, -0.7074446082115173, 0.5892587900161743, 0.01355596724897623, 0.3341584801673889, -0.183698832988739, -0.45929649472236633, 0.5441064834594727, 0.30617955327033997, 0.310235857963562, -0.38290712237358093, 0.4270979166030884, 0.396965354681015]
0.0012659560707419958;-187.3486328125;[0.8223516345024109, -0.140524759888649, -0.33746543526649475, 0.027256596833467484, 0.3943685293197632, -0.8080060482025146, -0.013617940247058868, 0.4426061809062958, 0.40440231561660767, -0.662281334400177, 0.01623055711388588, -0.3161095976829529, -0.7040944695472717, 0.5895147323608398, 0.013285329565405846, 0.33412638306617737, -0.18779650330543518, -0.4592813551425934, 0.5439499616622925, 0.3056145906448364, 0.3086257576942444, -0.3829038441181183, 0.4241170287132263, 0.3954930901527405]
0.0013196188640497298;-186.54986572265625;[0.8196719884872437, -0.13921798765659332, -0.3381095230579376, 0.0235806442797184, 0.3969784379005432, -0.8050563335418701, -0.013287393376231194, 0.44003504514694214, 0.39851176738739014, -0.662215530872345, 0.021069997921586037, -0.3152298033237457, -0.7007039189338684, 0.5897489190101624, 0.013116223737597466, 0.33412235975265503, -0.19200895726680756, -0.45929253101348877, 0.5437749028205872, 0.30506712198257446, 0.30698204040527344, -0.38291072845458984, 0.4210909903049469, 0.3940610885620117]
0.001355082193916408;-185.70870971679688;[0.8169828057289124, -0.13787329196929932, -0.33873382210731506, 0.020043840631842613, 0.39970752596855164, -0.8020772337913513, -0.01294828299432993, 0.436740517616272, 0.3924199640750885, -0.6620438098907471, 0.02593965455889702, -0.31427064538002014, -0.6971021890640259, 0.5905072689056396, 0.012809272855520248, 0.33406126499176025, -0.19602015614509583, -0.4591946601867676, 0.5435997247695923, 0.30534791946411133, 0.30535197257995605, -0.38290154933929443, 0.4181002676486969, 0.39251238107681274]
0.0013913747728657908;-184.86679077148438;[0.8142628073692322, -0.13660089671611786, -0.3393055498600006, 0.01652698963880539, 0.40250635147094727, -0.7991388440132141, -0.012647652067244053, 0.43325141072273254, 0.38626208901405334, -0.6618056297302246, 0.030850639566779137, -0.3132726848125458, -0.6934708952903748, 0.591361939907074, 0.012617470696568489, 0.3340112566947937, -0.20010653138160706, -0.45908498764038086, 0.5433726906776428, 0.3058944344520569, 0.3036825954914093, -0.382746160030365, 0.41505157947540283, 0.3909684717655182]
0.0014288306976971677;-184.01272583007812;[0.8115020394325256, -0.13524603843688965, -0.3399196267127991, 0.012964251451194286, 0.4051031470298767, -0.796244204044342, -0.012227049097418785, 0.42977744340896606, 0.3800690174102783, -0.6614852547645569, 0.03598494082689285, -0.3122006952762604, -0.6898103356361389, 0.5922002792358398, 0.012384513393044472, 0.33393287658691406, -0.20418204367160797, -0.45910799503326416, 0.5430783033370972, 0.3064331114292145, 0.30196431279182434, -0.3826863169670105, 0.4120059907436371, 0.3893738090991974]
0.0014632189682835422;-183.17701721191406;[0.8087446689605713, -0.13420723378658295, -0.34087860584259033, 0.010325196199119091, 0.40784144401550293, -0.79302978515625, -0.011760296300053596, 0.42636623978614807, 0.37387147545814514, -0.6610968708992004, 0.04123948886990547, -0.31119152903556824, -0.6862545013427734, 0.5930034518241882, 0.012559715658426285, 0.33394333720207214, -0.2082991749048233, -0.4590551555156708, 0.5427526831626892, 0.30693092942237854, 0.3001369535923004, -0.3826111853122711, 0.4089566767215729, 0.38735318183898926]
0.0015050184156267627;-182.37832641601562;[0.8060926198959351, -0.13205556571483612, -0.3416377604007721, 0.007828748784959316, 0.41012364625930786, -0.7896884679794312, -0.010954935103654861, 0.4230942130088806, 0.3677254915237427, -0.6606765985488892, 0.0448504313826561, -0.3104683458805084, -0.6825734376907349, 0.5948464274406433, 0.012562274001538754, 0.33386391401290894, -0.21261484920978546, -0.4589875042438507, 0.5424201488494873, 0.30687668919563293, 0.2983761429786682, -0.38254716992378235, 0.40589526295661926, 0.3855728209018707]
0.0015560620635703798;-181.5515899658203;[0.8033286929130554, -0.1299525648355484, -0.34250161051750183, 0.005332159344106913, 0.4125434458255768, -0.7864202260971069, -0.010165861807763577, 0.419883668422699, 0.36156484484672546, -0.6601787805557251, 0.04846085608005524, -0.30975449085235596, -0.6789029836654663, 0.5969130992889404, 0.012588188983500004, 0.33386555314064026, -0.21703043580055237, -0.45896220207214355, 0.5421483516693115, 0.3068086802959442, 0.29656389355659485, -0.38253986835479736, 0.4028291404247284, 0.38388097286224365]
0.0016045110012260864;-180.72544860839844;[0.800543487071991, -0.12780511379241943, -0.3433818817138672, 0.0028854110278189182, 0.4150009751319885, -0.7831470370292664, -0.009429000318050385, 0.41676801443099976, 0.3553341031074524, -0.6595622897148132, 0.05218367651104927, -0.30901622772216797, -0.6752033829689026, 0.5991260409355164, 0.012659639120101929, 0.3338097333908081, -0.2213858813047409, -0.458858847618103, 0.541826605796814, 0.3067804276943207, 0.2947259247303009, -0.3825394809246063, 0.3997022211551666, 0.3821254372596741]
0.0016919473289412044;-179.77883911132812;[0.7968910336494446, -0.12498842924833298, -0.34418007731437683, 0.00026650921790860593, 0.41697415709495544, -0.7756989598274231, -0.008679247461259365, 0.41419556736946106, 0.34899312257766724, -0.6586397290229797, 0.05680202692747116, -0.3081279397010803, -0.6718477010726929, 0.5964416265487671, 0.01267753541469574, 0.33390119671821594, -0.2263672947883606, -0.45888546109199524, 0.5414211750030518, 0.3064412772655487, 0.2927536070346832, -0.3823615610599518, 0.3967069685459137, 0.38057300448417664]
0.0017903161522618868;-178.7992706298828;[0.7927141189575195, -0.12293071299791336, -0.3450033366680145, -0.0034234668128192425, 0.4168439507484436, -0.7656705975532532, -0.0082569420337677, 0.4125728905200958, 0.3426364064216614, -0.6589657068252563, 0.06171070784330368, -0.30782073736190796, -0.668715238571167, 0.5922983288764954, 0.012917231768369675, 0.33417537808418274, -0.2310991883277893, -0.4588544964790344, 0.5402395725250244, 0.30623260140419006, 0.2907094657421112, -0.381935715675354, 0.3933112323284149, 0.3790189325809479]
0.0018746082853245227;-177.81637573242188;[0.7884886264801025, -0.12187709659337997, -0.34572944045066833, -0.007227395195513964, 0.41588273644447327, -0.7570584416389465, -0.008473498746752739, 0.4104906916618347, 0.33598053455352783, -0.6587867736816406, 0.06656146794557571, -0.3077560067176819, -0.6656146049499512, 0.5881927013397217, 0.013201002031564713, 0.33410507440567017, -0.23550939559936523, -0.4588041603565216, 0.5384399890899658, 0.3061501383781433, 0.28860998153686523, -0.38159939646720886, 0.3897720277309418, 0.3776609003543854]
0.0017372178122321293;-136.0291748046875;[0.7828779220581055, -0.12112394720315933, -0.3469836413860321, -0.013423493131995201, 0.4143591821193695, -0.7457760572433472, -0.008162209764122963, 0.4071480631828308, 0.3188818097114563, -0.6563257575035095, 0.06784176081418991, -0.3077388107776642, -0.6638152599334717, 0.5809758305549622, 0.01651732064783573, 0.3340919017791748, -0.240848571062088, -0.45931440591812134, 0.5354894399642944, 0.3060270845890045, 0.28683367371559143, -0.381451815366745, 0.38577163219451904, 0.37650081515312195]
0.0020552459407838317;-134.1857147216797;[0.7773476243019104, -0.12269621342420578, -0.347718209028244, -0.02258765511214733, 0.40465638041496277, -0.7263205647468567, -0.0072175743989646435, 0.40500685572624207, 0.31754031777381897, -0.6468928456306458, 0.06489458680152893, -0.3074057698249817, -0.6633201241493225, 0.5635395646095276, 0.019395150244235992, 0.3339311480522156, -0.24622201919555664, -0.4587230682373047, 0.5320137143135071, 0.30534565448760986, 0.2862893044948578, -0.38102027773857117, 0.3833494782447815, 0.37526583671569824]
0.0022205668230043077;-133.0104522705078;[0.7745164632797241, -0.1250244528055191, -0.348052978515625, -0.029347054660320282, 0.40183743834495544, -0.7109987139701843, -0.006517236586660147, 0.404645711183548, 0.31740760803222656, -0.6372883915901184, 0.06236936151981354, -0.3072717785835266, -0.6604578495025635, 0.5480416417121887, 0.019981833174824715, 0.33383846282958984, -0.2495735138654709, -0.4584183692932129, 0.5276615023612976, 0.3064832389354706, 0.2868696451187134, -0.3807826638221741, 0.38092443346977234, 0.37416204810142517]
0.0023789614842776793;-132.28268432617188;[0.771143913269043, -0.1266317516565323, -0.34831172227859497, -0.035361308604478836, 0.40018343925476074, -0.7083472609519958, -0.004445574712008238, 0.404453843832016, 0.3174137771129608, -0.6293506026268005, 0.05990622192621231, -0.3070482909679413, -0.6579166650772095, 0.538280725479126, 0.02066393569111824, 0.3334750533103943, -0.25339603424072266, -0.45855575799942017, 0.5232206583023071, 0.30794399976730347, 0.28739556670188904, -0.3807770311832428, 0.37883734703063965, 0.3714675009250641]
0.0025124635843521877;-131.6222381591797;[0.7669723033905029, -0.12731130421161652, -0.3489904999732971, -0.03918217867612839, 0.39912715554237366, -0.7066361308097839, -0.0023545781150460243, 0.40410780906677246, 0.3175312578678131, -0.621200680732727, 0.057809822261333466, -0.3063809871673584, -0.6557444334030151, 0.5288490653038025, 0.020600464195013046, 0.3324105143547058, -0.25767216086387634, -0.4584513008594513, 0.5187343955039978, 0.3100125789642334, 0.28766828775405884, -0.38076528906822205, 0.3769114911556244, 0.3683910369873047]
0.0026544588163872978;-130.98008728027344;[0.7627491354942322, -0.1260828822851181, -0.3501764237880707, -0.042574021965265274, 0.39932432770729065, -0.7043579816818237, 4.102905950276181e-05, 0.40358269214630127, 0.31758150458335876, -0.6135753393173218, 0.05774298682808876, -0.3056323528289795, -0.6532865166664124, 0.5206077694892883, 0.021013488993048668, 0.33170437812805176, -0.2617742121219635, -0.4582860767841339, 0.5144166946411133, 0.3123767375946045, 0.2878447473049164, -0.3805854320526123, 0.3749276101589203, 0.36504223942756653]
0.0028022462598622524;-130.32177734375;[0.7585065960884094, -0.12445120513439178, -0.3518136441707611, -0.04539982229471207, 0.4005129635334015, -0.7023394703865051, 0.002521352143958211, 0.40320101380348206, 0.3176242709159851, -0.6050734519958496, 0.05851771682500839, -0.3051314055919647, -0.6507537961006165, 0.5120525360107422, 0.021874848753213882, 0.3311447203159332, -0.2660183608531952, -0.4580859839916229, 0.5104272961616516, 0.31513920426368713, 0.28791525959968567, -0.3802615702152252, 0.3730950951576233, 0.36195817589759827]
0.0028632806899857367;-129.49642944335938;[0.754487931728363, -0.12302123755216599, -0.3534175157546997, -0.0486871562898159, 0.399705171585083, -0.6993575096130371, 0.004934542812407017, 0.40361353754997253, 0.31750017404556274, -0.5961671471595764, 0.05872492864727974, -0.30470600724220276, -0.647412896156311, 0.5030189156532288, 0.023762041702866554, 0.3308723568916321, -0.2704989016056061, -0.45832559466362, 0.5063948035240173, 0.31835582852363586, 0.28848475217819214, -0.37983813881874084, 0.37057313323020935, 0.35908469557762146]
0.002924338679215696;-128.66766357421875;[0.7492855191230774, -0.12185404449701309, -0.35548844933509827, -0.05171642079949379, 0.3971063196659088, -0.694764256477356, 0.007011773064732552, 0.40401971340179443, 0.3175061047077179, -0.5871878266334534, 0.057946283370256424, -0.3043871521949768, -0.6448239088058472, 0.4942416846752167, 0.026449447497725487, 0.33045145869255066, -0.27517589926719666, -0.4583222270011902, 0.5030825734138489, 0.3230230212211609, 0.28852176666259766, -0.37924009561538696, 0.36803099513053894, 0.3567366302013397]
0.0029684360352749805;-127.84099578857422;[0.7441281676292419, -0.12076947838068008, -0.357666939496994, -0.054749298840761185, 0.3942472040653229, -0.6904810667037964, 0.0091081652790308, 0.40447768568992615, 0.3175138235092163, -0.5781394839286804, 0.057198528200387955, -0.3039242625236511, -0.6421701908111572, 0.48553624749183655, 0.029163962230086327, 0.3301490843296051, -0.2797849178314209, -0.4582366943359375, 0.49971798062324524, 0.32778966426849365, 0.2885703444480896, -0.37877899408340454, 0.36551153659820557, 0.35442283749580383]
0.003037219308927976;-127.20292663574219;[0.7395899295806885, -0.1194295734167099, -0.3603992164134979, -0.056751035153865814, 0.39176204800605774, -0.6874672174453735, 0.011392278596758842, 0.4058246910572052, 0.31742313504219055, -0.5699741244316101, 0.05885593965649605, -0.30278661847114563, -0.638892412185669, 0.4763682186603546, 0.032170429825782776, 0.3289039731025696, -0.28381845355033875, -0.4581553339958191, 0.4971590042114258, 0.32612472772598267, 0.28940168023109436, -0.37876254320144653, 0.3630439341068268, 0.3518199622631073]
0.0030440567803176853;-126.61090087890625;[0.7351930737495422, -0.11770804226398468, -0.36258241534233093, -0.05914970487356186, 0.3894716501235962, -0.6850987672805786, 0.014059750363230705, 0.40619418025016785, 0.31728407740592957, -0.5638381838798523, 0.06365837901830673, -0.3017442226409912, -0.6359758973121643, 0.4686375558376312, 0.036199942231178284, 0.32785871624946594, -0.28775641322135925, -0.4580814242362976, 0.4956746995449066, 0.32722944021224976, 0.2905745208263397, -0.37852373719215393, 0.36055800318717957, 0.34853506088256836]
0.003061026615347451;-126.05107116699219;[0.7311864495277405, -0.11617325246334076, -0.36468422412872314, -0.06163756549358368, 0.38707104325294495, -0.6828153133392334, 0.016731424257159233, 0.40674954652786255, 0.31709349155426025, -0.5574658513069153, 0.06893379241228104, -0.3007732629776001, -0.6327290534973145, 0.46092119812965393, 0.040231142193078995, 0.32693299651145935, -0.29164499044418335, -0.4579804241657257, 0.49421587586402893, 0.32689711451530457, 0.29195690155029297, -0.3783580958843231, 0.3582460284233093, 0.3452703654766083]
0.003064432866323335;-125.4678726196289;[0.7271921038627625, -0.11421341449022293, -0.36664238572120667, -0.06378418952226639, 0.38475316762924194, -0.6803376078605652, 0.019459163770079613, 0.40717601776123047, 0.31691494584083557, -0.5508108735084534, 0.07362598180770874, -0.2996859848499298, -0.6297727823257446, 0.45252344012260437, 0.04435240849852562, 0.3258680999279022, -0.2954661250114441, -0.4578969180583954, 0.4929959177970886, 0.326813668012619, 0.2933749258518219, -0.378206729888916, 0.3557911515235901, 0.341802716255188]
0.003066717694549893;-124.86797332763672;[0.7233085036277771, -0.11239679157733917, -0.36867308616638184, -0.06631386280059814, 0.3824376165866852, -0.6776084303855896, 0.022243667393922806, 0.40728384256362915, 0.31672409176826477, -0.5440573692321777, 0.0783616453409195, -0.29875457286834717, -0.6268312335014343, 0.4444962739944458, 0.0483461394906044, 0.32511600852012634, -0.299380898475647, -0.45777881145477295, 0.49156907200813293, 0.32765260338783264, 0.2947617769241333, -0.3780111074447632, 0.35338160395622253, 0.33844441175460815]
0.0030768016331469187;-124.27813720703125;[0.7196300625801086, -0.11073245108127594, -0.3708570897579193, -0.06859958171844482, 0.3801012933254242, -0.6753478050231934, 0.024944428354501724, 0.4077482521533966, 0.31651684641838074, -0.5370972156524658, 0.08538355678319931, -0.2977374792098999, -0.623626172542572, 0.4365183115005493, 0.05238640308380127, 0.3238803744316101, -0.30341580510139465, -0.45765823125839233, 0.49035289883613586, 0.3266903758049011, 0.29627683758735657, -0.3779642879962921, 0.3512720763683319, 0.3352128863334656]
0.003069199325948369;-123.63446044921875;[0.7157432436943054, -0.109219990670681, -0.3727869391441345, -0.07085516303777695, 0.37739673256874084, -0.673373818397522, 0.027466008439660072, 0.40798869729042053, 0.3163885772228241, -0.5300597548484802, 0.093592070043087, -0.2966023087501526, -0.6206565499305725, 0.428004652261734, 0.05652808025479317, 0.3227483332157135, -0.307718962430954, -0.45763930678367615, 0.4892560839653015, 0.32716286182403564, 0.2975198030471802, -0.37801888585090637, 0.3494245409965515, 0.3320024609565735]
0.0030447728769743467;-123.0030288696289;[0.7119253277778625, -0.10914529860019684, -0.37460780143737793, -0.07278428226709366, 0.37488436698913574, -0.671267032623291, 0.03020882047712803, 0.4081316888332367, 0.31628182530403137, -0.5229867100715637, 0.10176709294319153, -0.29529446363449097, -0.6177924871444702, 0.4192005693912506, 0.060544587671756744, 0.3214007616043091, -0.3120696246623993, -0.4575973451137543, 0.48798617720603943, 0.32793042063713074, 0.29877597093582153, -0.3779847323894501, 0.3475704491138458, 0.32959169149398804]
0.003024713919672319;-122.40550231933594;[0.7081298232078552, -0.11084381490945816, -0.37640100717544556, -0.07405756413936615, 0.3724474608898163, -0.6690660715103149, 0.0334654338657856, 0.40859994292259216, 0.3161734342575073, -0.5157725214958191, 0.11090827733278275, -0.29352322220802307, -0.6150840520858765, 0.410457044839859, 0.06462706625461578, 0.31958460807800293, -0.3161834478378296, -0.4574679434299469, 0.48672470450401306, 0.32682865858078003, 0.30020871758461, -0.37826865911483765, 0.34539011120796204, 0.32816845178604126]
0.002983014081526741;-121.75643157958984;[0.7041728496551514, -0.11252457648515701, -0.37804362177848816, -0.07543816417455673, 0.36971515417099, -0.6666671633720398, 0.0370585098862648, 0.4086954891681671, 0.3161209225654602, -0.5085889101028442, 0.12024743854999542, -0.2917632758617401, -0.6127133965492249, 0.40166985988616943, 0.06866246461868286, 0.317796915769577, -0.3204086720943451, -0.4573812782764435, 0.485307514667511, 0.32747381925582886, 0.3014470934867859, -0.37832745909690857, 0.3431127667427063, 0.3266281485557556]
0.002945582169901119;-121.02586364746094;[0.6997840404510498, -0.11398369818925858, -0.37974029779434204, -0.07687894999980927, 0.36711734533309937, -0.6644461154937744, 0.04299156367778778, 0.409016489982605, 0.3159949779510498, -0.501291036605835, 0.1295323222875595, -0.2901163101196289, -0.6102814674377441, 0.3921928405761719, 0.07337860763072968, 0.3160603940486908, -0.32466408610343933, -0.4572632312774658, 0.48406046628952026, 0.32819733023643494, 0.3027453124523163, -0.37826043367385864, 0.340187668800354, 0.3252411186695099]
0.002960009803931649;-120.48392486572266;[0.6954728364944458, -0.11537613719701767, -0.38251176476478577, -0.07866213470697403, 0.3664899468421936, -0.663395881652832, 0.048539187759160995, 0.4096148610115051, 0.316051721572876, -0.4933587908744812, 0.13961130380630493, -0.2888754904270172, -0.6076763868331909, 0.38427427411079407, 0.0782858356833458, 0.3148415982723236, -0.3256661593914032, -0.4572041630744934, 0.4837731122970581, 0.3270869851112366, 0.303651362657547, -0.3782542943954468, 0.3386947512626648, 0.3240738809108734]
0.003000993946040069;-119.93875885009766;[0.690900444984436, -0.11652746796607971, -0.3851200342178345, -0.08094210922718048, 0.36632633209228516, -0.6620729565620422, 0.05420506373047829, 0.40954193472862244, 0.3162767291069031, -0.4853176176548004, 0.14978761970996857, -0.2879679799079895, -0.605548620223999, 0.37700751423835754, 0.08310411125421524, 0.313874214887619, -0.3259506821632385, -0.4571040868759155, 0.48340922594070435, 0.3276890516281128, 0.3041110038757324, -0.3783029615879059, 0.33736467361450195, 0.3227059543132782]
0.0030280881038348547;-119.41795349121094;[0.6863657236099243, -0.11791303008794785, -0.3877514600753784, -0.08319415897130966, 0.36641091108322144, -0.6607649922370911, 0.05978905037045479, 0.40953120589256287, 0.3165028989315033, -0.47715792059898376, 0.1598557084798813, -0.2869921624660492, -0.6033509969711304, 0.3695860803127289, 0.08813291043043137, 0.31286323070526123, -0.32588252425193787, -0.4570813477039337, 0.48305246233940125, 0.32833003997802734, 0.30461978912353516, -0.3782309889793396, 0.3360239267349243, 0.32147955894470215]
0.003094108406606643;-119.0069351196289;[0.6818912625312805, -0.11834307760000229, -0.38984960317611694, -0.08524958044290543, 0.366258829832077, -0.660183846950531, 0.06441720575094223, 0.40946897864341736, 0.31669288873672485, -0.4701460599899292, 0.16757917404174805, -0.2856673002243042, -0.6012210249900818, 0.36362266540527344, 0.09416285902261734, 0.3115876019001007, -0.3259241282939911, -0.45697450637817383, 0.48342397809028625, 0.32716867327690125, 0.30514371395111084, -0.3783107101917267, 0.33427751064300537, 0.320870041847229]
0.003107843542209375;-118.65849304199219;[0.6774569153785706, -0.11814016848802567, -0.39132916927337646, -0.08629186451435089, 0.366250604391098, -0.6605595946311951, 0.06891879439353943, 0.4083671569824219, 0.3166729509830475, -0.4650692045688629, 0.17558056116104126, -0.28405845165252686, -0.6002576351165771, 0.3607831299304962, 0.10086027532815933, 0.3097918927669525, -0.32586491107940674, -0.45697519183158875, 0.48500099778175354, 0.32771140336990356, 0.3057568371295929, -0.3780491054058075, 0.3314138352870941, 0.3211699426174164]
0.0031472128103395263;-118.30317687988281;[0.6729776263237, -0.11805225908756256, -0.3923228085041046, -0.08773190528154373, 0.36629506945610046, -0.6604011058807373, 0.07287676632404327, 0.40735360980033875, 0.31674325466156006, -0.4596700072288513, 0.18177659809589386, -0.28244566917419434, -0.5991038680076599, 0.35754114389419556, 0.10670816153287888, 0.3081706762313843, -0.32594239711761475, -0.4567231833934784, 0.48588448762893677, 0.3282686471939087, 0.30625519156455994, -0.3777593672275543, 0.32865485548973083, 0.32107993960380554]
0.0031817611744483273;-118.05388641357422;[0.668819785118103, -0.11828684061765671, -0.3938376009464264, -0.08844392001628876, 0.3661007583141327, -0.660061240196228, 0.07555602490901947, 0.40637707710266113, 0.3168499767780304, -0.4545699656009674, 0.18543623387813568, -0.2810122072696686, -0.5982800126075745, 0.3559338450431824, 0.11151481419801712, 0.30666521191596985, -0.32599085569381714, -0.456829309463501, 0.4860134422779083, 0.3278454542160034, 0.3071436285972595, -0.3777604401111603, 0.32624104619026184, 0.3210839331150055]
0.0032113009448724444;-117.87692260742188;[0.664971113204956, -0.11806169897317886, -0.39558714628219604, -0.08837800472974777, 0.36609137058258057, -0.6601513028144836, 0.07753249257802963, 0.40539780259132385, 0.3168378472328186, -0.45006483793258667, 0.18893085420131683, -0.28024861216545105, -0.5978171229362488, 0.35551783442497253, 0.11629374325275421, 0.3058156371116638, -0.32594114542007446, -0.4569217264652252, 0.4864133894443512, 0.32722362875938416, 0.30836591124534607, -0.37759092450141907, 0.3238014876842499, 0.32121965289115906]
0.003237131905754241;-117.66421508789062;[0.6612123847007751, -0.1182091236114502, -0.39705631136894226, -0.08845583349466324, 0.36609742045402527, -0.6597720980644226, 0.08028560876846313, 0.4045722484588623, 0.3168361186981201, -0.44537118077278137, 0.1916307955980301, -0.2803207337856293, -0.5970669984817505, 0.3545728325843811, 0.12054400891065598, 0.30588048696517944, -0.3259798288345337, -0.4567597508430481, 0.48636937141418457, 0.3275459110736847, 0.30972662568092346, -0.37756454944610596, 0.321346253156662, 0.32113760709762573]
0.003257414631723244;-117.45511627197266;[0.6575868725776672, -0.11786706000566483, -0.3985731303691864, -0.08828549087047577, 0.3659859001636505, -0.6599723696708679, 0.0839288979768753, 0.4036818742752075, 0.316813588142395, -0.4410472512245178, 0.19406171143054962, -0.28022682666778564, -0.5965785384178162, 0.3543893098831177, 0.12515239417552948, 0.30562159419059753, -0.3260820806026459, -0.4565872550010681, 0.48697197437286377, 0.3279099464416504, 0.3108674883842468, -0.37736859917640686, 0.31902629137039185, 0.3212535083293915]
0.003253598408410464;-117.33329010009766;[0.6560155153274536, -0.11775131523609161, -0.3984663486480713, -0.08760043978691101, 0.36594876646995544, -0.6596601009368896, 0.08473929017782211, 0.4032142460346222, 0.3169148564338684, -0.43693792819976807, 0.19178400933742523, -0.28025370836257935, -0.5953430533409119, 0.355500191450119, 0.12912757694721222, 0.30585962533950806, -0.3260296583175659, -0.4566127359867096, 0.48810818791389465, 0.3284115791320801, 0.31095749139785767, -0.37743067741394043, 0.31709325313568115, 0.32124534249305725]
0.0032599479929468506;-117.26280212402344;[0.6547548770904541, -0.11734376847743988, -0.39854758977890015, -0.08638382703065872, 0.3660554587841034, -0.6598148345947266, 0.08530441671609879, 0.4029726982116699, 0.31687983870506287, -0.43312034010887146, 0.19008217751979828, -0.2803051769733429, -0.5941761136054993, 0.35709863901138306, 0.13337135314941406, 0.30567753314971924, -0.3260257840156555, -0.45667406916618347, 0.4896334111690521, 0.3271542489528656, 0.31123557686805725, -0.3771734833717346, 0.3152157664299011, 0.32142919301986694]
0.0032393261775933847;-117.1478500366211;[0.6532058715820312, -0.11707677692174911, -0.39853864908218384, -0.08556332439184189, 0.36594298481941223, -0.6596562266349792, 0.08613044023513794, 0.4025641679763794, 0.31692057847976685, -0.42926687002182007, 0.18825079500675201, -0.2802824378013611, -0.5930038094520569, 0.3581835925579071, 0.13724087178707123, 0.30567631125450134, -0.3261241614818573, -0.4564562141895294, 0.49078285694122314, 0.32759910821914673, 0.31146979331970215, -0.3774133622646332, 0.31326574087142944, 0.32141467928886414]
0.0032256222835719555;-117.04145812988281;[0.6516364812850952, -0.11702842265367508, -0.39858314394950867, -0.08482785522937775, 0.36598825454711914, -0.6594914197921753, 0.08679284900426865, 0.4021792411804199, 0.31702181696891785, -0.42536893486976624, 0.18633438646793365, -0.2802346646785736, -0.5918388962745667, 0.3592282235622406, 0.14099499583244324, 0.305642694234848, -0.32601818442344666, -0.45635655522346497, 0.4918924570083618, 0.32808753848075867, 0.31158292293548584, -0.377310186624527, 0.31142565608024597, 0.32151472568511963]
0.0032301936246433606;-116.91695404052734;[0.649894118309021, -0.11684902012348175, -0.39856481552124023, -0.08422387391328812, 0.36586692929267883, -0.6592462062835693, 0.08770792931318283, 0.40168124437332153, 0.31714749336242676, -0.42154091596603394, 0.18455040454864502, -0.28021857142448425, -0.5907679796218872, 0.36011868715286255, 0.14466311037540436, 0.3057064414024353, -0.32614055275917053, -0.45645198225975037, 0.4928603172302246, 0.32858115434646606, 0.31169694662094116, -0.37729763984680176, 0.3094621002674103, 0.3214823305606842]
0.0032365460511740575;-116.85267639160156;[0.6487129330635071, -0.11630481481552124, -0.3986023962497711, -0.08296044170856476, 0.36599642038345337, -0.6594518423080444, 0.0881204754114151, 0.4014453589916229, 0.31707993149757385, -0.4180598556995392, 0.18297776579856873, -0.2803724408149719, -0.5896960496902466, 0.361651211977005, 0.1486492156982422, 0.3056356608867645, -0.3260195255279541, -0.45638036727905273, 0.49434584379196167, 0.3273063004016876, 0.3119634687900543, -0.377391517162323, 0.3075868487358093, 0.3216184377670288]
0.0032322934197785056;-116.73338317871094;[0.6472281813621521, -0.11622530221939087, -0.3984612822532654, -0.08234802633523941, 0.3659076690673828, -0.6591274738311768, 0.08867469429969788, 0.40107253193855286, 0.3172560930252075, -0.41426634788513184, 0.18040485680103302, -0.28021109104156494, -0.5884431004524231, 0.3625754714012146, 0.15212829411029816, 0.3056337237358093, -0.32608166337013245, -0.4563375413417816, 0.49529480934143066, 0.32776758074760437, 0.3119431138038635, -0.377276748418808, 0.3057684004306793, 0.3215555250644684]
0.0032263247655472324;-116.64563751220703;[0.6456663012504578, -0.11612667888402939, -0.39825302362442017, -0.08172386884689331, 0.3658333420753479, -0.6587707996368408, 0.08946021646261215, 0.40063443779945374, 0.3173997104167938, -0.4105580747127533, 0.1778484284877777, -0.28026360273361206, -0.5872283577919006, 0.36343851685523987, 0.15557926893234253, 0.30558860301971436, -0.3260028064250946, -0.4564075171947479, 0.4961896240711212, 0.3282485902309418, 0.3120163083076477, -0.3773757815361023, 0.303805410861969, 0.3214779198169708]
0.0032243090659230408;-116.52034759521484;[0.6441428661346436, -0.11602990329265594, -0.39821532368659973, -0.08113538473844528, 0.36591199040412903, -0.6584604382514954, 0.09025727957487106, 0.40032851696014404, 0.3175989091396332, -0.40673935413360596, 0.1751696765422821, -0.28028547763824463, -0.585930585861206, 0.36426371335983276, 0.15898655354976654, 0.30556604266166687, -0.32605844736099243, -0.45646047592163086, 0.4970865249633789, 0.3287747800350189, 0.3120329976081848, -0.37721458077430725, 0.3020668029785156, 0.3213559091091156]
0.003236878622005331;-116.43049621582031;[0.6430863738059998, -0.11597152799367905, -0.3983374834060669, -0.0802331492304802, 0.36587339639663696, -0.6580736637115479, 0.09098788350820541, 0.40020978450775146, 0.31766441464424133, -0.40314775705337524, 0.17214179039001465, -0.2803433835506439, -0.5845444798469543, 0.3657223582267761, 0.16239750385284424, 0.30553942918777466, -0.3261006772518158, -0.45616647601127625, 0.498063862323761, 0.32748866081237793, 0.3122381865978241, -0.3771926760673523, 0.3005278706550598, 0.3214227557182312]
0.00323487909555057;-116.32634735107422;[0.6416236758232117, -0.11584389954805374, -0.39885401725769043, -0.07984419912099838, 0.3659714162349701, -0.6571367979049683, 0.09198874235153198, 0.39975184202194214, 0.3178146481513977, -0.3997610807418823, 0.1691638082265854, -0.28039440512657166, -0.5833759307861328, 0.3673626482486725, 0.16561375558376312, 0.3055345118045807, -0.32601121068000793, -0.4561980664730072, 0.4986358880996704, 0.3279431164264679, 0.3124580383300781, -0.3769085705280304, 0.29911449551582336, 0.32141390442848206]
0.003233865817496455;-116.21643829345703;[0.64016193151474, -0.11550720781087875, -0.3992341458797455, -0.07935383170843124, 0.3658427894115448, -0.6563593149185181, 0.0929301455616951, 0.3991870582103729, 0.31793031096458435, -0.3965272009372711, 0.16602939367294312, -0.28028950095176697, -0.5823211669921875, 0.3690895438194275, 0.16888007521629333, 0.305648535490036, -0.3260568678379059, -0.45623546838760376, 0.4993383288383484, 0.3284239172935486, 0.3126228451728821, -0.37651416659355164, 0.2975432574748993, 0.3214125335216522]
0.003230414217017478;-116.14844512939453;[0.6396473050117493, -0.11523302644491196, -0.39987412095069885, -0.07865531742572784, 0.36581534147262573, -0.6557410359382629, 0.09429623186588287, 0.39880290627479553, 0.31786048412323, -0.39332160353660583, 0.16327975690364838, -0.28046268224716187, -0.5811455845832825, 0.37080851197242737, 0.1722204089164734, 0.30546820163726807, -0.3261067569255829, -0.4561755955219269, 0.5000643134117126, 0.32760488986968994, 0.31277740001678467, -0.376688688993454, 0.29598650336265564, 0.32153648138046265]
0.003219336797288465;-116.06964874267578;[0.639126181602478, -0.11447298526763916, -0.4006034731864929, -0.07809704542160034, 0.3659125566482544, -0.6552185416221619, 0.09563790261745453, 0.39852699637413025, 0.3179469108581543, -0.39009976387023926, 0.16075165569782257, -0.28039100766181946, -0.5799111723899841, 0.3721356987953186, 0.17486003041267395, 0.30553892254829407, -0.3260159194469452, -0.45609185099601746, 0.5007500648498535, 0.3275907039642334, 0.31269553303718567, -0.37644752860069275, 0.2945580780506134, 0.3219297528266907]
0.003217473752405646;-115.97322845458984;[0.6382923722267151, -0.11322499811649323, -0.4013073146343231, -0.07770944386720657, 0.3657972514629364, -0.6544846892356873, 0.09720949083566666, 0.39812085032463074, 0.31812506914138794, -0.3871006369590759, 0.15828023850917816, -0.2802491784095764, -0.5787791013717651, 0.3734157383441925, 0.17685426771640778, 0.3055711090564728, -0.3261134922504425, -0.4559728503227234, 0.5012648701667786, 0.32802167534828186, 0.31259605288505554, -0.37621280550956726, 0.2930789291858673, 0.3226119875907898]
0.003213784299615034;-115.90399169921875;[0.637523889541626, -0.11179082095623016, -0.40215423703193665, -0.07728809118270874, 0.3659161329269409, -0.653739869594574, 0.09876935929059982, 0.39776793122291565, 0.31827646493911743, -0.38416048884391785, 0.15579858422279358, -0.28035587072372437, -0.5776112079620361, 0.37477800250053406, 0.17878173291683197, 0.3057321310043335, -0.32599666714668274, -0.45591452717781067, 0.5017947554588318, 0.3284786343574524, 0.3125491440296173, -0.37608370184898376, 0.29169711470603943, 0.3233533501625061]
0.0032092435452887326;-115.8252182006836;[0.6369711756706238, -0.11061515659093857, -0.4030071496963501, -0.07669568061828613, 0.36581236124038696, -0.6531625986099243, 0.10048319399356842, 0.3976219594478607, 0.31834298372268677, -0.38102203607559204, 0.15339992940425873, -0.28052496910095215, -0.5762895941734314, 0.3760285973548889, 0.1808539181947708, 0.30549511313438416, -0.32606300711631775, -0.45600998401641846, 0.5023642778396606, 0.3277428448200226, 0.3126412034034729, -0.3760365843772888, 0.29030662775039673, 0.32405298948287964]
0.0032060967302537983;-115.74665832519531;[0.6364458799362183, -0.1092902421951294, -0.403605192899704, -0.07607608288526535, 0.3658396601676941, -0.652667224407196, 0.10186843574047089, 0.3973974287509918, 0.31848376989364624, -0.3779463768005371, 0.1505303531885147, -0.28045669198036194, -0.575040340423584, 0.37728753685951233, 0.1828666627407074, 0.3056527078151703, -0.3260073959827423, -0.45590782165527344, 0.5030660629272461, 0.3276212811470032, 0.31250709295272827, -0.375885546207428, 0.28885143995285034, 0.3247687518596649]
0.003172246283336009;-115.67630004882812;[0.6357793211936951, -0.10853640735149384, -0.40424975752830505, -0.07565661519765854, 0.36586618423461914, -0.6520525217056274, 0.10335968434810638, 0.3970983922481537, 0.3185082972049713, -0.37490007281303406, 0.14783522486686707, -0.2802031636238098, -0.573867917060852, 0.37841665744781494, 0.1843874603509903, 0.30561184883117676, -0.3260470926761627, -0.4559384882450104, 0.5034226179122925, 0.32807785272598267, 0.3126654326915741, -0.37575697898864746, 0.28731808066368103, 0.32549184560775757]
0.0031702236144245132;-115.59980010986328;[0.6348720192909241, -0.10810902714729309, -0.40474745631217957, -0.07541582733392715, 0.36586418747901917, -0.6515799164772034, 0.10454345494508743, 0.3966648578643799, 0.31856292486190796, -0.37189388275146484, 0.14496609568595886, -0.28039616346359253, -0.5728902816772461, 0.3794271647930145, 0.18534140288829803, 0.3056561052799225, -0.32599112391471863, -0.4559212625026703, 0.5036593675613403, 0.32855626940727234, 0.3127574920654297, -0.3757311999797821, 0.28568601608276367, 0.3263363838195801]
0.003162865789454916;-115.5521011352539;[0.6342810988426208, -0.1074516773223877, -0.40533706545829773, -0.07473719120025635, 0.3658425509929657, -0.6513828039169312, 0.10563687980175018, 0.39632532000541687, 0.3183422386646271, -0.3691324293613434, 0.14205710589885712, -0.2801416516304016, -0.571921169757843, 0.38086220622062683, 0.1866159737110138, 0.3054825961589813, -0.32606199383735657, -0.4559100568294525, 0.5041764974594116, 0.3275004029273987, 0.31302493810653687, -0.37566646933555603, 0.284012109041214, 0.32735785841941833]
0.0031506900387100203;-115.49092864990234;[0.6335506439208984, -0.10665411502122879, -0.4058273136615753, -0.07437384873628616, 0.365884929895401, -0.651028573513031, 0.10672206431627274, 0.3960390090942383, 0.31835299730300903, -0.3660825490951538, 0.13901878893375397, -0.28022345900535583, -0.570828914642334, 0.3817984163761139, 0.18756718933582306, 0.30565503239631653, -0.3259551227092743, -0.4557870328426361, 0.5044825673103333, 0.3277318775653839, 0.31314733624458313, -0.3754294514656067, 0.2824011743068695, 0.32800084352493286]
0.0031376161880899396;-115.418701171875;[0.6326820850372314, -0.10578848421573639, -0.4065488874912262, -0.07408653944730759, 0.3658151626586914, -0.6506555080413818, 0.1079275980591774, 0.39560866355895996, 0.318316787481308, -0.36317703127861023, 0.136088564991951, -0.2804453372955322, -0.5698489546775818, 0.38290637731552124, 0.18864446878433228, 0.30564457178115845, -0.3260343074798584, -0.4558962881565094, 0.5047832727432251, 0.3281928300857544, 0.3133423924446106, -0.37553828954696655, 0.28081098198890686, 0.328714519739151]
0.003122719691922635;-115.34435272216797;[0.6317920684814453, -0.10479690134525299, -0.4073285460472107, -0.07376912236213684, 0.3658699691295624, -0.6502789258956909, 0.10904491692781448, 0.3950755298137665, 0.3182469308376312, -0.36041104793548584, 0.13306502997875214, -0.280350923538208, -0.5689923167228699, 0.3842087984085083, 0.1898348033428192, 0.3056430518627167, -0.32596349716186523, -0.4558073878288269, 0.5051236748695374, 0.3286691904067993, 0.31352195143699646, -0.3751752972602844, 0.27920615673065186, 0.32947832345962524]
0.0031290409200806376;-115.29129791259766;[0.6312255263328552, -0.10375934839248657, -0.4080840051174164, -0.07328744232654572, 0.3658384084701538, -0.6500040888786316, 0.11014281213283539, 0.3950006067752838, 0.3181960880756378, -0.3573032319545746, 0.12988582253456116, -0.28045472502708435, -0.5677536725997925, 0.38525938987731934, 0.1908566653728485, 0.30563870072364807, -0.3259749710559845, -0.45565640926361084, 0.5054779052734375, 0.32743409276008606, 0.3137497007846832, -0.37514692544937134, 0.2778027653694153, 0.3300919532775879]
0.003107119954188524;-115.23262023925781;[0.6304312944412231, -0.10293599218130112, -0.4086185395717621, -0.07287944853305817, 0.3658355474472046, -0.6497284770011902, 0.11139027029275894, 0.39453721046447754, 0.31808510422706604, -0.3544895350933075, 0.12666039168834686, -0.2804415822029114, -0.566804826259613, 0.3863499164581299, 0.19194930791854858, 0.30566084384918213, -0.32601264119148254, -0.4558315575122833, 0.5058503150939941, 0.3278330862522125, 0.313963919878006, -0.3752610981464386, 0.27605047821998596, 0.3308747410774231]
0.0030864571570045664;-115.15792846679688;[0.6295604109764099, -0.10205098241567612, -0.4095059633255005, -0.07256421446800232, 0.3659217953681946, -0.6494189500808716, 0.11259127408266068, 0.3941168785095215, 0.318025141954422, -0.3516272008419037, 0.12364959716796875, -0.28039681911468506, -0.5658633708953857, 0.3875029683113098, 0.19312269985675812, 0.30564528703689575, -0.3259376585483551, -0.45555567741394043, 0.506190836429596, 0.32829365134239197, 0.31419023871421814, -0.37489962577819824, 0.2745498716831207, 0.3316810131072998]
0.0030750850278451715;-115.07727813720703;[0.6286467909812927, -0.10114730149507523, -0.41025394201278687, -0.07240504026412964, 0.36581218242645264, -0.6489289999008179, 0.11394873261451721, 0.39369863271713257, 0.31805598735809326, -0.34865206480026245, 0.12042122334241867, -0.2803783714771271, -0.5648691654205322, 0.388479083776474, 0.19408315420150757, 0.30563411116600037, -0.326082706451416, -0.4554236829280853, 0.5063517689704895, 0.32876530289649963, 0.3144105076789856, -0.37481772899627686, 0.27300894260406494, 0.33228063583374023]
0.0030766535004115745;-115.0433120727539;[0.6281493902206421, -0.09999706596136093, -0.4108337163925171, -0.07172761112451553, 0.3659312129020691, -0.6488561034202576, 0.11498098075389862, 0.39354392886161804, 0.317889541387558, -0.3457469642162323, 0.11685188114643097, -0.2805066704750061, -0.5637490153312683, 0.38964423537254333, 0.1952453851699829, 0.3056492209434509, -0.32595548033714294, -0.4557478129863739, 0.5068985223770142, 0.32750335335731506, 0.3146103620529175, -0.37479841709136963, 0.27143895626068115, 0.33302974700927734]
0.003052639102768968;-114.96694946289062;[0.6273097395896912, -0.0991535633802414, -0.41167309880256653, -0.07138864696025848, 0.36586982011795044, -0.6485589742660522, 0.11624959111213684, 0.3931412100791931, 0.31780481338500977, -0.3429065942764282, 0.11368229240179062, -0.28046515583992004, -0.5628015995025635, 0.39076390862464905, 0.19640310108661652, 0.3057011365890503, -0.32595881819725037, -0.45549455285072327, 0.507241427898407, 0.3279307186603546, 0.3148643374443054, -0.37453827261924744, 0.26992496848106384, 0.3338600993156433]
0.0030443989903668725;-114.9045181274414;[0.6267073154449463, -0.09778916835784912, -0.4124554693698883, -0.07091958820819855, 0.36582058668136597, -0.6482401490211487, 0.11699289828538895, 0.3924592435359955, 0.3177197575569153, -0.3400755226612091, 0.11221963167190552, -0.2804281711578369, -0.5619866251945496, 0.3922496438026428, 0.19681034982204437, 0.3057512044906616, -0.3260086178779602, -0.45545312762260437, 0.5073311924934387, 0.3283635079860687, 0.3148001432418823, -0.37441539764404297, 0.26848486065864563, 0.33447515964508057]
0.003035273258615106;-114.84668731689453;[0.6261657476425171, -0.09672586619853973, -0.413114070892334, -0.07050694525241852, 0.36588090658187866, -0.6477506160736084, 0.117824986577034, 0.3917873799800873, 0.3176773190498352, -0.33710727095603943, 0.11099907755851746, -0.280525803565979, -0.561100959777832, 0.3936120867729187, 0.19689226150512695, 0.3056581914424896, -0.32596907019615173, -0.4555589556694031, 0.5072124004364014, 0.3288078308105469, 0.3147445321083069, -0.3745463788509369, 0.26702073216438293, 0.33505043387413025]
0.0030327572707240127;-114.80913543701172;[0.626136839389801, -0.09544631838798523, -0.41377803683280945, -0.06963987648487091, 0.3658791184425354, -0.6475878953933716, 0.11816531419754028, 0.3915652334690094, 0.3175522983074188, -0.3339037299156189, 0.10990267992019653, -0.28039607405662537, -0.5598902106285095, 0.3950195610523224, 0.19688427448272705, 0.30574336647987366, -0.3259945511817932, -0.45549169182777405, 0.5073078870773315, 0.32752305269241333, 0.3146187663078308, -0.3743981420993805, 0.2658170759677887, 0.3356356918811798]
0.003019862587621678;-114.75426483154297;[0.6256574392318726, -0.09420474618673325, -0.41449862718582153, -0.06905829906463623, 0.3658198416233063, -0.6472595930099487, 0.11881117522716522, 0.3908197581768036, 0.3173953890800476, -0.33105921745300293, 0.10902290791273117, -0.28042924404144287, -0.5591204762458801, 0.3965839445590973, 0.19705653190612793, 0.30577173829078674, -0.3259609341621399, -0.45529693365097046, 0.5073143243789673, 0.32789915800094604, 0.3145352602005005, -0.3743439018726349, 0.2643263339996338, 0.3363211452960968]
0.003009844298370673;-114.70614624023438;[0.6253290772438049, -0.09268352389335632, -0.41511818766593933, -0.06837434321641922, 0.3659195303916931, -0.6469312310218811, 0.1192685216665268, 0.3899952173233032, 0.317192018032074, -0.3282108008861542, 0.10879373550415039, -0.2805759012699127, -0.5583699345588684, 0.39826953411102295, 0.1969245970249176, 0.30581894516944885, -0.3259583115577698, -0.45544755458831787, 0.5072328448295593, 0.32832077145576477, 0.3143630027770996, -0.3744190037250519, 0.2628052532672882, 0.33686426281929016]
0.0029894471558928786;-114.64041137695312;[0.6249330043792725, -0.09193085134029388, -0.4158935844898224, -0.06796304136514664, 0.36585015058517456, -0.6464164853096008, 0.11982330679893494, 0.3894912302494049, 0.3172532618045807, -0.3249225318431854, 0.107712522149086, -0.2803274989128113, -0.5573354959487915, 0.3995608985424042, 0.19688794016838074, 0.305774986743927, -0.3259918689727783, -0.45540502667427063, 0.5070397257804871, 0.32877039909362793, 0.31421342492103577, -0.37424370646476746, 0.26158350706100464, 0.3374262750148773]
0.0029979261337827663;-114.59504699707031;[0.6246899366378784, -0.09108638018369675, -0.4165661334991455, -0.06714753806591034, 0.36591142416000366, -0.6462898850440979, 0.12038559466600418, 0.3888860046863556, 0.3169929087162018, -0.321850448846817, 0.10699135065078735, -0.2805333137512207, -0.5564664006233215, 0.4011668562889099, 0.19723835587501526, 0.3056279420852661, -0.32595711946487427, -0.4552641808986664, 0.5071454644203186, 0.32773515582084656, 0.3141365051269531, -0.3742832541465759, 0.26008719205856323, 0.33810877799987793]
0.002990848943326285;-114.54869842529297;[0.6244136095046997, -0.09012210369110107, -0.41697683930397034, -0.06638926267623901, 0.3659234941005707, -0.646133542060852, 0.12080402672290802, 0.38814374804496765, 0.3167976140975952, -0.3188343644142151, 0.10600276291370392, -0.28059738874435425, -0.5556620955467224, 0.4026950001716614, 0.19744247198104858, 0.30570366978645325, -0.3259754478931427, -0.4552246630191803, 0.5072363018989563, 0.3278529644012451, 0.3139093518257141, -0.374370813369751, 0.2584391236305237, 0.338685542345047]
0.00298027630554033;-114.48006439208984;[0.6241795420646667, -0.08949295431375504, -0.4175833761692047, -0.06589347869157791, 0.3659358024597168, -0.6455627083778381, 0.1211724653840065, 0.38745173811912537, 0.31680041551589966, -0.31551575660705566, 0.10558419674634933, -0.28039902448654175, -0.5547198057174683, 0.40418094396591187, 0.1972038298845291, 0.3057195544242859, -0.3260624408721924, -0.4552462100982666, 0.5069037079811096, 0.32826629281044006, 0.3136439919471741, -0.3743208050727844, 0.25711530447006226, 0.33908429741859436]
0.002970912289380161;-114.34471130371094;[0.6240886449813843, -0.08869925886392593, -0.4174666702747345, -0.06580383330583572, 0.36589595675468445, -0.6452049016952515, 0.12504440546035767, 0.38652533292770386, 0.31661370396614075, -0.31223204731941223, 0.10384514182806015, -0.28033164143562317, -0.5538873076438904, 0.40660402178764343, 0.1961112767457962, 0.3056218922138214, -0.3260124921798706, -0.45511096715927124, 0.5063696503639221, 0.3288528025150299, 0.3133973479270935, -0.37407177686691284, 0.25531917810440063, 0.339438796043396]
0.0029807447761608205;-114.19751739501953;[0.6245487928390503, -0.08814956247806549, -0.41673341393470764, -0.06560329347848892, 0.365826278924942, -0.645104706287384, 0.13122840225696564, 0.3857155442237854, 0.3160817623138428, -0.30900073051452637, 0.10000760853290558, -0.28038230538368225, -0.5529354214668274, 0.40992429852485657, 0.1947520226240158, 0.3056890368461609, -0.326079785823822, -0.45513293147087097, 0.5059441328048706, 0.3277845084667206, 0.3132343888282776, -0.3737131655216217, 0.25327399373054504, 0.3398821949958801]
0.0029751438848369576;-114.02288055419922;[0.6247871518135071, -0.08749712258577347, -0.4160715639591217, -0.06572423875331879, 0.3659362494945526, -0.6446843147277832, 0.13726204633712769, 0.38456663489341736, 0.3156971037387848, -0.3058086335659027, 0.09756015241146088, -0.2804817855358124, -0.5521688461303711, 0.41312742233276367, 0.19287899136543274, 0.30563539266586304, -0.3259519040584564, -0.4552059471607208, 0.5051119923591614, 0.32839542627334595, 0.3129715323448181, -0.37358176708221436, 0.25124311447143555, 0.3400956094264984]
0.0029735770431129124;-113.82962036132812;[0.6248677968978882, -0.08703725785017014, -0.415399968624115, -0.06595584750175476, 0.36588332056999207, -0.6442198157310486, 0.14330601692199707, 0.3834533393383026, 0.3153515160083771, -0.30263614654541016, 0.09456764906644821, -0.28045788407325745, -0.5514155626296997, 0.41614893078804016, 0.19124393165111542, 0.30570274591445923, -0.3260003328323364, -0.4550497531890869, 0.5043126344680786, 0.32904180884361267, 0.31281185150146484, -0.37315085530281067, 0.24913445115089417, 0.34034794569015503]
0.002988484337117316;-113.68766784667969;[0.6253395080566406, -0.08622274547815323, -0.41466039419174194, -0.06578152626752853, 0.3659709393978119, -0.6441725492477417, 0.14942850172519684, 0.3826863169670105, 0.31493526697158813, -0.2993446886539459, 0.09114228934049606, -0.2803201973438263, -0.5504157543182373, 0.41927188634872437, 0.18952076137065887, 0.3057704269886017, -0.32594457268714905, -0.4550384283065796, 0.5038281083106995, 0.3279818892478943, 0.3124880790710449, -0.3730865716934204, 0.2472500503063202, 0.3407093584537506]
0.0029845970602357936;-113.49812316894531;[0.6255164742469788, -0.08576395362615585, -0.41408771276474, -0.06593043357133865, 0.36599788069725037, -0.6438550353050232, 0.1555185317993164, 0.3816351294517517, 0.31458696722984314, -0.29607075452804565, 0.08878300338983536, -0.28042396903038025, -0.5496176481246948, 0.42267876863479614, 0.18771357834339142, 0.30574995279312134, -0.3259545862674713, -0.45488208532333374, 0.503028154373169, 0.32858866453170776, 0.3122375011444092, -0.37264618277549744, 0.24532128870487213, 0.34097355604171753]
0.0029690168457682004;-113.23878479003906;[0.625626266002655, -0.08485223352909088, -0.4128139615058899, -0.06521960347890854, 0.3660005033016205, -0.6437519788742065, 0.16259807348251343, 0.3805026412010193, 0.3144552409648895, -0.2930946946144104, 0.08753681927919388, -0.2805083990097046, -0.5486407279968262, 0.42741262912750244, 0.18706078827381134, 0.3059511184692383, -0.3259628415107727, -0.45485448837280273, 0.5019044876098633, 0.3291192948818207, 0.31205400824546814, -0.37251007556915283, 0.24265824258327484, 0.3408152163028717]
0.002962612257380061;-113.00650024414062;[0.6260626912117004, -0.0839913859963417, -0.4114675223827362, -0.0639524757862091, 0.3660147786140442, -0.64378821849823, 0.16977468132972717, 0.37965643405914307, 0.3143370747566223, -0.29011255502700806, 0.085478276014328, -0.28056561946868896, -0.5473904013633728, 0.4327537715435028, 0.1870521903038025, 0.3059289753437042, -0.32592877745628357, -0.4548666775226593, 0.5008918046951294, 0.3279576599597931, 0.3118373453617096, -0.37236425280570984, 0.24009302258491516, 0.34078750014305115]
0.00294527201812255;-112.73564147949219;[0.6261247396469116, -0.08335349708795547, -0.4102075397968292, -0.06317675858736038, 0.3661251366138458, -0.6434575915336609, 0.17680197954177856, 0.3786928951740265, 0.31447023153305054, -0.2868777811527252, 0.08451186120510101, -0.2805643379688263, -0.5461464524269104, 0.4377390146255493, 0.1867370754480362, 0.30604612827301025, -0.3259483575820923, -0.45476990938186646, 0.4993845522403717, 0.3283834159374237, 0.3117263615131378, -0.371889591217041, 0.23747850954532623, 0.3404565453529358]
0.0029213724730026295;-112.54801177978516;[0.6260775327682495, -0.08237777650356293, -0.40911445021629333, -0.06247064098715782, 0.36602193117141724, -0.6435585021972656, 0.18130899965763092, 0.3776018023490906, 0.3143784701824188, -0.2838655710220337, 0.08484114706516266, -0.2805163860321045, -0.5450471639633179, 0.4424338936805725, 0.1869780272245407, 0.30610254406929016, -0.32593634724617004, -0.45473217964172363, 0.4983867406845093, 0.328909695148468, 0.3115285336971283, -0.3717319071292877, 0.23466309905052185, 0.34041428565979004]
0.002910604258772248;-112.39036560058594;[0.6258057355880737, -0.08152395486831665, -0.4081858694553375, -0.062068674713373184, 0.36608120799064636, -0.643729031085968, 0.18460284173488617, 0.37660589814186096, 0.3143084943294525, -0.2807336449623108, 0.08562268316745758, -0.2806888520717621, -0.5438692569732666, 0.4467165172100067, 0.18763519823551178, 0.30615735054016113, -0.3259506821632385, -0.45458683371543884, 0.4975632131099701, 0.32949298620224, 0.3114027678966522, -0.3717597424983978, 0.23177947103977203, 0.34043678641319275]
0.002915968992958754;-112.27044677734375;[0.6261388659477234, -0.08040172606706619, -0.4066484272480011, -0.061750054359436035, 0.3660392761230469, -0.6439465880393982, 0.18801343441009521, 0.37615296244621277, 0.31413188576698303, -0.2773531377315521, 0.08749900758266449, -0.28072088956832886, -0.5421352386474609, 0.45022016763687134, 0.18856936693191528, 0.3061045706272125, -0.3259405493736267, -0.45463213324546814, 0.4972601532936096, 0.328490287065506, 0.3107813894748688, -0.37181028723716736, 0.22898533940315247, 0.3403708040714264]
0.002899204962232924;-112.11494445800781;[0.6259323358535767, -0.07957524061203003, -0.405795693397522, -0.06138153746724129, 0.36610475182533264, -0.6440726518630981, 0.1912047415971756, 0.37516048550605774, 0.31400778889656067, -0.274304062128067, 0.08859026432037354, -0.2806371748447418, -0.5409630537033081, 0.45472168922424316, 0.18930968642234802, 0.30612713098526, -0.32597216963768005, -0.45456215739250183, 0.49646782875061035, 0.32905498147010803, 0.31060004234313965, -0.3717738687992096, 0.22620420157909393, 0.3404778242111206]
0.0028838920989304006;-111.99009704589844;[0.6254898905754089, -0.07873107492923737, -0.4051871597766876, -0.06108244135975838, 0.3660568296909332, -0.6442985534667969, 0.19359681010246277, 0.3742659389972687, 0.31400880217552185, -0.2710656225681305, 0.0898837223649025, -0.28048524260520935, -0.5397605895996094, 0.45911726355552673, 0.189973846077919, 0.30607300996780396, -0.32594501972198486, -0.4543655812740326, 0.4960419833660126, 0.3292834758758545, 0.3106118142604828, -0.37184715270996094, 0.2234809249639511, 0.34058356285095215]
0.0028925470863834586;-111.86578369140625;[0.6254082322120667, -0.07772452384233475, -0.40415337681770325, -0.06157561391592026, 0.36607739329338074, -0.6440576314926147, 0.19561901688575745, 0.37378397583961487, 0.3141094744205475, -0.26777511835098267, 0.09165632724761963, -0.2804895043373108, -0.5378647446632385, 0.46315985918045044, 0.19142115116119385, 0.30602404475212097, -0.3259205222129822, -0.4542355239391327, 0.4967433512210846, 0.32857853174209595, 0.3105504512786865, -0.37184610962867737, 0.2205921858549118, 0.34058505296707153]
0.0029154177009410383;-111.76729583740234;[0.62503582239151, -0.07739385962486267, -0.40329405665397644, -0.06311403959989548, 0.366138219833374, -0.6444889903068542, 0.19623912870883942, 0.37234416604042053, 0.3144676387310028, -0.26600682735443115, 0.09313561767339706, -0.2806185781955719, -0.5366324186325073, 0.4671899080276489, 0.1920626163482666, 0.3061921298503876, -0.32592543959617615, -0.4541842043399811, 0.49750837683677673, 0.3289562165737152, 0.3113675117492676, -0.3717154860496521, 0.21916832029819489, 0.3392244875431061]
0.002912492448084495;-111.66328430175781;[0.6248016953468323, -0.07677017897367477, -0.40256837010383606, -0.06443708389997482, 0.3661441206932068, -0.645082414150238, 0.19683650135993958, 0.3708772361278534, 0.3148009777069092, -0.264275461435318, 0.0947832316160202, -0.28045985102653503, -0.5353708267211914, 0.47149986028671265, 0.19261522591114044, 0.3060290515422821, -0.3258974850177765, -0.4541005790233612, 0.49839863181114197, 0.32936081290245056, 0.31216105818748474, -0.3718610107898712, 0.21767492592334747, 0.337983101606369]
0.002953386166537467;-111.5531005859375;[0.625167727470398, -0.07654514163732529, -0.40208834409713745, -0.06596890836954117, 0.3660455644130707, -0.6458467245101929, 0.1978759467601776, 0.3697095811367035, 0.31502193212509155, -0.2623218595981598, 0.09606286883354187, -0.2806415557861328, -0.5339699983596802, 0.4759071171283722, 0.19336971640586853, 0.30622032284736633, -0.3259392976760864, -0.45417237281799316, 0.49956440925598145, 0.3281877040863037, 0.31280264258384705, -0.371526837348938, 0.2147575467824936, 0.3372587561607361]
0.002967951377497535;-111.43809509277344;[0.6246896386146545, -0.07619836181402206, -0.4008154273033142, -0.06784502416849136, 0.36606958508491516, -0.6458045840263367, 0.19863519072532654, 0.36842408776283264, 0.31506219506263733, -0.26086029410362244, 0.09727021306753159, -0.2806670069694519, -0.5325628519058228, 0.479423463344574, 0.19449974596500397, 0.30615735054016113, -0.3259410858154297, -0.45413246750831604, 0.5005624294281006, 0.3286070227622986, 0.3134452998638153, -0.3713669180870056, 0.21348413825035095, 0.33600685000419617]
0.0029659936576847466;-111.35508728027344;[0.623896598815918, -0.07556984573602676, -0.39969176054000854, -0.06893166899681091, 0.3659573495388031, -0.6461496353149414, 0.19890683889389038, 0.3669886291027069, 0.3150234818458557, -0.25923386216163635, 0.09868943691253662, -0.280706524848938, -0.531382143497467, 0.4834008514881134, 0.19504369795322418, 0.3061528205871582, -0.3259460926055908, -0.45414745807647705, 0.5014071464538574, 0.329026997089386, 0.31422507762908936, -0.3714594841003418, 0.21238777041435242, 0.33479171991348267]
0.002964316894662507;-111.24673461914062;[0.622974157333374, -0.07512437552213669, -0.39874401688575745, -0.07001081109046936, 0.36593082547187805, -0.6465819478034973, 0.1994057297706604, 0.3657130300998688, 0.31507188081741333, -0.25740545988082886, 0.09983792901039124, -0.28067949414253235, -0.5301424264907837, 0.4874615967273712, 0.19574956595897675, 0.3062203526496887, -0.32596951723098755, -0.4539516568183899, 0.5022906064987183, 0.3294661343097687, 0.3150666058063507, -0.37117287516593933, 0.21127717196941376, 0.3337450623512268]
0.002979969059161853;-111.18566131591797;[0.6224373579025269, -0.07429884374141693, -0.39731791615486145, -0.07070951908826828, 0.3658736050128937, -0.6470993161201477, 0.20022687315940857, 0.36478039622306824, 0.31484347581863403, -0.2554853856563568, 0.10117737948894501, -0.28079983592033386, -0.528550386428833, 0.49175089597702026, 0.19643647968769073, 0.3062439560890198, -0.32594767212867737, -0.45414671301841736, 0.5034269094467163, 0.3283109962940216, 0.31547242403030396, -0.37104353308677673, 0.21060098707675934, 0.3328322172164917]
0.0029914394238601673;-111.08072662353516;[0.6216176152229309, -0.07383421808481216, -0.3958151340484619, -0.07218371331691742, 0.36597388982772827, -0.6471039056777954, 0.2014036774635315, 0.3633277416229248, 0.3146156370639801, -0.25398632884025574, 0.10278743505477905, -0.28069376945495605, -0.5273406505584717, 0.49540063738822937, 0.19779479503631592, 0.3062857687473297, -0.32597094774246216, -0.45407363772392273, 0.504281222820282, 0.32882747054100037, 0.31606724858283997, -0.37103137373924255, 0.20952114462852478, 0.33154770731925964]
0.0029935544233764947;-110.92108154296875;[0.6209245920181274, -0.07356427609920502, -0.3936278522014618, -0.07378040999174118, 0.36596688628196716, -0.647193431854248, 0.2032438963651657, 0.36147525906562805, 0.31476908922195435, -0.2519495487213135, 0.10452862828969955, -0.2807392179965973, -0.5263117551803589, 0.5000209808349609, 0.19840167462825775, 0.3063388764858246, -0.3258470296859741, -0.4538692533969879, 0.5049934983253479, 0.3291812837123871, 0.31748050451278687, -0.37067797780036926, 0.2086188942193985, 0.329637348651886]
0.0030008394987164457;-110.761962890625;[0.6201250553131104, -0.07328957319259644, -0.39140841364860535, -0.07538160681724548, 0.365962415933609, -0.647138774394989, 0.20517538487911224, 0.3597298860549927, 0.3150080442428589, -0.24974943697452545, 0.1057160347700119, -0.28074342012405396, -0.5252785086631775, 0.5046640634536743, 0.1991146355867386, 0.30640557408332825, -0.3258582651615143, -0.45392346382141113, 0.5055522918701172, 0.32954707741737366, 0.31891942024230957, -0.37049999833106995, 0.20729494094848633, 0.3277931809425354]
0.003009528410780424;-110.6407699584961;[0.6193639039993286, -0.07248421758413315, -0.38877418637275696, -0.07646296173334122, 0.3660171926021576, -0.6474404335021973, 0.2079174518585205, 0.3583797514438629, 0.3148193955421448, -0.24754928052425385, 0.10700603574514389, -0.2805085778236389, -0.5239061117172241, 0.5092499256134033, 0.20037397742271423, 0.30642417073249817, -0.3258360028266907, -0.4539446532726288, 0.5067195892333984, 0.32833051681518555, 0.32007235288619995, -0.37042176723480225, 0.20659343898296356, 0.3261582851409912]
0.0030234040379766586;-110.48220825195312;[0.6184850931167603, -0.07192482799291611, -0.3863324522972107, -0.07838381826877594, 0.36590418219566345, -0.6470405459403992, 0.2100483775138855, 0.35660549998283386, 0.31477072834968567, -0.2457101196050644, 0.10856935381889343, -0.28068864345550537, -0.52286696434021, 0.5135584473609924, 0.2016519010066986, 0.30646735429763794, -0.32582229375839233, -0.45409342646598816, 0.5073286890983582, 0.3287735879421234, 0.32132694125175476, -0.3700823485851288, 0.20552846789360046, 0.3242255449295044]
0.003024234880840447;-110.32090759277344;[0.6176525950431824, -0.07144264876842499, -0.38412153720855713, -0.0797724723815918, 0.3659469485282898, -0.6472198367118835, 0.2120986133813858, 0.35479772090911865, 0.3148282468318939, -0.24358493089675903, 0.10995034128427505, -0.2808055579662323, -0.5219122767448425, 0.5184046030044556, 0.20258541405200958, 0.30650651454925537, -0.3258671760559082, -0.4537871479988098, 0.5080244541168213, 0.32914984226226807, 0.3227873146533966, -0.369964063167572, 0.20421576499938965, 0.32253849506378174]
0.003027571475348355;-110.18193054199219;[0.6168748736381531, -0.07104616612195969, -0.38243260979652405, -0.08139172941446304, 0.36583781242370605, -0.6472525000572205, 0.2137211710214615, 0.3529932200908661, 0.31500443816185, -0.24150647222995758, 0.11132251471281052, -0.28070521354675293, -0.5208543539047241, 0.5227893590927124, 0.2029958963394165, 0.3066611588001251, -0.3259056806564331, -0.45375528931617737, 0.5086096525192261, 0.32955336570739746, 0.3241751790046692, -0.36967572569847107, 0.20297621190547943, 0.3208143711090088]
0.003040499798342711;-110.09487915039062;[0.6162735819816589, -0.07011404633522034, -0.3808707594871521, -0.08257249742746353, 0.36587584018707275, -0.647549569606781, 0.2156195193529129, 0.3514566421508789, 0.3147372603416443, -0.23977723717689514, 0.1124807596206665, -0.2808570861816406, -0.5195144414901733, 0.5266641974449158, 0.20331522822380066, 0.30660778284072876, -0.3258504569530487, -0.4539136588573456, 0.5095998644828796, 0.32833266258239746, 0.3253592848777771, -0.36963850259780884, 0.20210236310958862, 0.31927233934402466]
0.0030515390514965226;-110.02423858642578;[0.6158043742179871, -0.06963963061571121, -0.3794267475605011, -0.08384575694799423, 0.3656385838985443, -0.6473249793052673, 0.21714162826538086, 0.3498440682888031, 0.31413835287094116, -0.23813824355602264, 0.11422128230333328, -0.28067725896835327, -0.5181670784950256, 0.5300797820091248, 0.2036609649658203, 0.3061694800853729, -0.3256913721561432, -0.4538174569606781, 0.5101355910301208, 0.32888874411582947, 0.32482030987739563, -0.3693518340587616, 0.2007351815700531, 0.3175564706325531]
0.003054724013125192;-109.91572570800781;[0.615212619304657, -0.07076863199472427, -0.37940019369125366, -0.08537901937961578, 0.3657991290092468, -0.6475176811218262, 0.21830801665782928, 0.34818485379219055, 0.31349480152130127, -0.2376030683517456, 0.11388121545314789, -0.27957791090011597, -0.5169767737388611, 0.5339077711105347, 0.20423756539821625, 0.305982768535614, -0.32581278681755066, -0.45386549830436707, 0.5106382369995117, 0.32921504974365234, 0.3247350752353668, -0.3693504333496094, 0.2001018524169922, 0.3150440752506256]
0.003064932828945964;-109.80052947998047;[0.6145778894424438, -0.0705183744430542, -0.3790690302848816, -0.08685313165187836, 0.36587730050086975, -0.6475646495819092, 0.21959133446216583, 0.3463782072067261, 0.31329384446144104, -0.23597681522369385, 0.11497976630926132, -0.2795242369174957, -0.5159366130828857, 0.5380877256393433, 0.20420874655246735, 0.3059771955013275, -0.325773686170578, -0.4538404047489166, 0.5109619498252869, 0.32961398363113403, 0.3255029618740082, -0.36911025643348694, 0.19871357083320618, 0.31345540285110474]
0.003100924436943158;-109.6950454711914;[0.6142321825027466, -0.07006674259901047, -0.3783605098724365, -0.08875975012779236, 0.36585333943367004, -0.6477583646774292, 0.2208973467350006, 0.3448197543621063, 0.3128814399242401, -0.23418383300304413, 0.11623434722423553, -0.2796361744403839, -0.5143574476242065, 0.5422871708869934, 0.2041606456041336, 0.3063091039657593, -0.3257938027381897, -0.45373478531837463, 0.5117589235305786, 0.328319251537323, 0.3262803852558136, -0.368948757648468, 0.1978701800107956, 0.31092846393585205]
0.0031209613276775554;-109.59954071044922;[0.6138882040977478, -0.07074598222970963, -0.3778451979160309, -0.0903368666768074, 0.36584630608558655, -0.6476691961288452, 0.22189633548259735, 0.34364205598831177, 0.3122515380382538, -0.2326997071504593, 0.11578013002872467, -0.2790563702583313, -0.5125211477279663, 0.5464234948158264, 0.20418477058410645, 0.30555590987205505, -0.325730562210083, -0.45366498827934265, 0.5121836066246033, 0.3287336826324463, 0.32484856247901917, -0.36870384216308594, 0.19679534435272217, 0.3078238070011139]
0.0031424713805360384;-109.4776382446289;[0.6134076118469238, -0.07095357030630112, -0.37728163599967957, -0.09237294644117355, 0.36589157581329346, -0.6478264331817627, 0.22250455617904663, 0.3418189585208893, 0.3121296465396881, -0.23118960857391357, 0.11626031249761581, -0.2791106402873993, -0.5111464262008667, 0.550456166267395, 0.20395244657993317, 0.3057737648487091, -0.32569214701652527, -0.4536612629890442, 0.512809157371521, 0.32911112904548645, 0.3254581391811371, -0.36872148513793945, 0.1959199756383896, 0.3050024211406708]
0.003151211400593648;-109.36731719970703;[0.6128469109535217, -0.0707445964217186, -0.37677499651908875, -0.0940975546836853, 0.36583834886550903, -0.6478318572044373, 0.22330492734909058, 0.34016409516334534, 0.3119787573814392, -0.22926212847232819, 0.1167735755443573, -0.27919143438339233, -0.5097096562385559, 0.5545571446418762, 0.20369452238082886, 0.30592069029808044, -0.32568660378456116, -0.4537150263786316, 0.5133089423179626, 0.32955312728881836, 0.3260330259799957, -0.3685038983821869, 0.1947295218706131, 0.30262845754623413]
0.0031854177483996693;-109.28887176513672;[0.6126618981361389, -0.07079347223043442, -0.37636756896972656, -0.09498534351587296, 0.36590802669525146, -0.648232102394104, 0.22437238693237305, 0.3389979600906372, 0.31089943647384644, -0.22784024477005005, 0.11671150475740433, -0.2787787914276123, -0.5077658295631409, 0.5588825941085815, 0.20391064882278442, 0.3056091070175171, -0.325796514749527, -0.45352405309677124, 0.5141879916191101, 0.3282434940338135, 0.32477542757987976, -0.3686034083366394, 0.1938885897397995, 0.2996474802494049]
0.0032025354828671172;-109.1642837524414;[0.6120300889015198, -0.07027344405651093, -0.3756396770477295, -0.0967162698507309, 0.36588600277900696, -0.6484614014625549, 0.2252860814332962, 0.3372162878513336, 0.31053194403648376, -0.22616563737392426, 0.11717576533555984, -0.27902472019195557, -0.5064045786857605, 0.562965989112854, 0.20396018028259277, 0.30581146478652954, -0.3257821798324585, -0.4535656273365021, 0.5148903727531433, 0.328684538602829, 0.3252260088920593, -0.3684833347797394, 0.192763090133667, 0.29714128375053406]
0.003220119770722427;-109.04464721679688;[0.6116918921470642, -0.07008461654186249, -0.37499433755874634, -0.09854460507631302, 0.36587950587272644, -0.6486652493476868, 0.22587916254997253, 0.3353364169597626, 0.3103182911872864, -0.2245790809392929, 0.1179230585694313, -0.2793029546737671, -0.5050391554832458, 0.5671117901802063, 0.20359757542610168, 0.3060790002346039, -0.3257398307323456, -0.45349663496017456, 0.515562117099762, 0.32908737659454346, 0.32573607563972473, -0.36829838156700134, 0.1918882131576538, 0.29435017704963684]
0.003240242979868972;-108.9182357788086;[0.6112042665481567, -0.06977285444736481, -0.3743118643760681, -0.10033533722162247, 0.3658835291862488, -0.6488491296768188, 0.22660356760025024, 0.333476185798645, 0.31008172035217285, -0.22292907536029816, 0.11841076612472534, -0.2794938385486603, -0.5037121176719666, 0.5713133811950684, 0.20340074598789215, 0.3063867688179016, -0.32575586438179016, -0.45355522632598877, 0.5161899924278259, 0.32952606678009033, 0.32625266909599304, -0.36806923151016235, 0.1908731907606125, 0.29168760776519775]
