0.041229794007355755;0.07117483764886856;[0.18178288872149495, -0.623446027575286, 0.18542353876563245, 0.7204276465997466, -0.4000175784150779, -0.8192738117808336, 0.846176475560541, 0.04494673115837067, 0.7305785732807835, -0.7128096837530942, 0.11960664888137229, 0.33427136780237876, -0.33241227239535376, 0.46946013721060864, 0.9788301917054056, -0.48273781008208005, 0.9076936884386013, -0.8858823371408102, -0.8086841554919699, 0.1300348633286883, 0.7415894566889007, 0.014230949931459236, 0.4462491768236925, 0.11584791020367669]
0.04118501793408978;-46.65200424194336;[0.18188288807868958, -0.6235460638999939, 0.1853235363960266, 0.7205276489257812, -0.3999176025390625, -0.8191738128662109, 0.846076488494873, 0.04504673182964325, 0.7304785847663879, -0.7127096652984619, 0.1197066530585289, 0.3341713845729828, -0.33231228590011597, 0.4693601429462433, 0.9787302017211914, -0.48263782262802124, 0.9075936675071716, -0.8857823014259338, -0.8087841868400574, 0.1299348622560501, 0.7416894435882568, 0.014130949974060059, 0.44614920020103455, 0.1159479096531868]
0.03694824234533879;-41.89381408691406;[0.1937035471200943, -0.6328515410423279, 0.1739446073770523, 0.7313296794891357, -0.3901510238647461, -0.8091391324996948, 0.8354867100715637, 0.05476515367627144, 0.7212967872619629, -0.7024154663085938, 0.12949422001838684, 0.32373788952827454, -0.32703453302383423, 0.46180304884910583, 0.9686363935470581, -0.4716567397117615, 0.898248553276062, -0.8758687376976013, -0.8183075189590454, 0.11967781186103821, 0.7518123388290405, 0.00396425137296319, 0.43553590774536133, 0.12598398327827454]
0.03345976931548737;-39.68397903442383;[0.20451967418193817, -0.6410170793533325, 0.1637820154428482, 0.7409822344779968, -0.3813316524028778, -0.7990437150001526, 0.8251956701278687, 0.06347627937793732, 0.7131787538528442, -0.6927903890609741, 0.13534195721149445, 0.3139980435371399, -0.32738596200942993, 0.454708993434906, 0.9591548442840576, -0.4606405794620514, 0.8902475237846375, -0.8660215139389038, -0.8272038102149963, 0.10961605608463287, 0.7610259056091309, -0.005792911630123854, 0.42733603715896606, 0.13530753552913666]
0.031254259516902284;-38.29094314575195;[0.2099604457616806, -0.6482110023498535, 0.15789200365543365, 0.7453250885009766, -0.3745356798171997, -0.7896384000778198, 0.817337691783905, 0.07154905796051025, 0.7058160305023193, -0.6859619617462158, 0.1403237134218216, 0.3071132302284241, -0.32772818207740784, 0.4495195150375366, 0.9508644342422485, -0.45212090015411377, 0.882971465587616, -0.8571914434432983, -0.8364397287368774, 0.10032103955745697, 0.7687281370162964, -0.013879351317882538, 0.4202325642108917, 0.14093632996082306]
0.02894440905799611;-36.89101791381836;[0.21579979360103607, -0.654514491558075, 0.1521514654159546, 0.750471830368042, -0.3672085404396057, -0.7808523178100586, 0.8081360459327698, 0.07961343228816986, 0.6979537010192871, -0.679351270198822, 0.1455100029706955, 0.30055728554725647, -0.3275257647037506, 0.44687819480895996, 0.9416488409042358, -0.4448681175708771, 0.8749566674232483, -0.847495973110199, -0.8461864590644836, 0.09070625901222229, 0.7764686346054077, -0.02211887016892433, 0.4124419391155243, 0.1466941088438034]
0.02894989821815967;-36.122432708740234;[0.21580086648464203, -0.6604975461959839, 0.1553083062171936, 0.7500143647193909, -0.36584529280662537, -0.7729882001876831, 0.8042737245559692, 0.08570611476898193, 0.6943842172622681, -0.6785022020339966, 0.14644502103328705, 0.30152401328086853, -0.32762274146080017, 0.4495908319950104, 0.9367948174476624, -0.4449499547481537, 0.8648196458816528, -0.8411362171173096, -0.8535753488540649, 0.08155062049627304, 0.7791106700897217, -0.02615480124950409, 0.40755510330200195, 0.14708930253982544]
0.030216574999799847;-35.705047607421875;[0.2119024097919464, -0.6672961711883545, 0.16265177726745605, 0.7454798221588135, -0.36745646595954895, -0.7650076746940613, 0.8040388822555542, 0.09068397432565689, 0.6948003172874451, -0.6813856959342957, 0.14444014430046082, 0.3033249080181122, -0.32755300402641296, 0.4503174126148224, 0.9350120425224304, -0.4445052742958069, 0.8584418296813965, -0.8365209102630615, -0.859300434589386, 0.07263197004795074, 0.778851330280304, -0.02820536121726036, 0.40441659092903137, 0.14366604387760162]
0.030895797880683265;-35.212562561035156;[0.21066565811634064, -0.6730482578277588, 0.17058506608009338, 0.7443368434906006, -0.36791762709617615, -0.7548689842224121, 0.8037403225898743, 0.09661579877138138, 0.6937476992607117, -0.6872347593307495, 0.14321784675121307, 0.30369192361831665, -0.32757657766342163, 0.4622870981693268, 0.9328089952468872, -0.44352662563323975, 0.8523992896080017, -0.8307318687438965, -0.8652288913726807, 0.06375432759523392, 0.7803143858909607, -0.030783740803599358, 0.4008808135986328, 0.14047951996326447]
0.031160926749700536;-34.98058319091797;[0.2100251317024231, -0.6763653755187988, 0.1736079454421997, 0.7476836442947388, -0.36804890632629395, -0.7483595013618469, 0.8038142323493958, 0.10015284270048141, 0.6886153221130371, -0.6910054683685303, 0.14178243279457092, 0.304374635219574, -0.32749465107917786, 0.4639336168766022, 0.9306274056434631, -0.4449586868286133, 0.847381055355072, -0.8281859755516052, -0.8650800585746765, 0.059586286544799805, 0.78023761510849, -0.03223414346575737, 0.3993336856365204, 0.13753251731395721]
0.031187586176730238;-34.89704513549805;[0.20927056670188904, -0.6775627136230469, 0.17353832721710205, 0.750625491142273, -0.3681149184703827, -0.7442325353622437, 0.8042975664138794, 0.10217694938182831, 0.6813594102859497, -0.6920569539070129, 0.1397141069173813, 0.30553704500198364, -0.3275478780269623, 0.4575711786746979, 0.9286101460456848, -0.44662752747535706, 0.8417336344718933, -0.8274489045143127, -0.8610028624534607, 0.05884302034974098, 0.7794226408004761, -0.032640159130096436, 0.3994614779949188, 0.13514183461666107]
0.031248521620876192;-34.80239486694336;[0.20769177377223969, -0.6778769493103027, 0.17392505705356598, 0.7539370656013489, -0.3677743077278137, -0.7397206425666809, 0.8049827814102173, 0.10456283390522003, 0.6734752058982849, -0.6932794451713562, 0.13754484057426453, 0.3061707317829132, -0.3276534080505371, 0.45211687684059143, 0.9265223741531372, -0.44797492027282715, 0.8352543711662292, -0.8267273902893066, -0.8572859168052673, 0.057972948998212814, 0.7790716886520386, -0.03299055993556976, 0.3993093967437744, 0.1317652016878128]
0.03131826220338283;-34.70014572143555;[0.20565636456012726, -0.6779249906539917, 0.17425017058849335, 0.7575218081474304, -0.3671611249446869, -0.7352467179298401, 0.8055090308189392, 0.10692101716995239, 0.6653270125389099, -0.6940529942512512, 0.13583126664161682, 0.3066188097000122, -0.3277299702167511, 0.4460660517215729, 0.9243773221969604, -0.4498923122882843, 0.8289003372192383, -0.8258134126663208, -0.8526164293289185, 0.05719533935189247, 0.779423177242279, -0.033589404076337814, 0.39922240376472473, 0.12853050231933594]
0.03139959470556123;-34.599571228027344;[0.20357432961463928, -0.6766898036003113, 0.1743171364068985, 0.7611048817634583, -0.36657997965812683, -0.7305939793586731, 0.8056631088256836, 0.1094876229763031, 0.6577977538108826, -0.6944298148155212, 0.13474251329898834, 0.3069142699241638, -0.32772043347358704, 0.43972018361091614, 0.9222102761268616, -0.45200881361961365, 0.8222230672836304, -0.8247306942939758, -0.8474041819572449, 0.05643610283732414, 0.7799089550971985, -0.03445613756775856, 0.39906010031700134, 0.12551133334636688]
0.031497092891833306;-34.4877815246582;[0.20136088132858276, -0.6754318475723267, 0.1742321252822876, 0.7643503546714783, -0.36609354615211487, -0.7257921695709229, 0.8059719800949097, 0.11228060722351074, 0.6497976779937744, -0.6947838664054871, 0.13331276178359985, 0.3073329031467438, -0.32772430777549744, 0.43229565024375916, 0.920268177986145, -0.45427313446998596, 0.8150080442428589, -0.8235902190208435, -0.8421450257301331, 0.055659279227256775, 0.7802958488464355, -0.03531041368842125, 0.39888280630111694, 0.12232952564954758]
0.031572569175329614;-34.3723258972168;[0.19923150539398193, -0.6738957762718201, 0.1741100549697876, 0.7677406072616577, -0.3655930161476135, -0.7205484509468079, 0.8063775897026062, 0.11521138995885849, 0.6418133974075317, -0.6951994895935059, 0.13171842694282532, 0.3077771067619324, -0.32772743701934814, 0.4249081015586853, 0.9183397889137268, -0.4566505253314972, 0.8076449632644653, -0.8225613236427307, -0.8365752100944519, 0.05478286370635033, 0.7806763648986816, -0.03611854463815689, 0.39876484870910645, 0.11921495199203491]
0.031629286704076685;-34.25368881225586;[0.1971745789051056, -0.6721677780151367, 0.17398469150066376, 0.7712804079055786, -0.3650744557380676, -0.7149696946144104, 0.8068642020225525, 0.11826244741678238, 0.6338820457458496, -0.6956654191017151, 0.12999480962753296, 0.30824148654937744, -0.3277439773082733, 0.41759511828422546, 0.9164003729820251, -0.4591127634048462, 0.8001558780670166, -0.8216109871864319, -0.8307667374610901, 0.05385390296578407, 0.7810612916946411, -0.03688628226518631, 0.3986964523792267, 0.11615963280200958]
0.03198819539241919;-33.96573257446289;[0.19217689335346222, -0.6726027727127075, 0.17294156551361084, 0.7890799641609192, -0.3666854500770569, -0.7076021432876587, 0.8075451254844666, 0.12010499089956284, 0.6270468831062317, -0.6964085698127747, 0.12846523523330688, 0.30997923016548157, -0.3277794420719147, 0.4088889956474304, 0.9132553935050964, -0.4596291184425354, 0.7925478219985962, -0.819678008556366, -0.8242028951644897, 0.05281425639986992, 0.779143214225769, -0.037739016115665436, 0.39952751994132996, 0.11438418179750443]
0.032456173920378174;-33.6221923828125;[0.18611590564250946, -0.6738016605377197, 0.17082588374614716, 0.8105255365371704, -0.37034618854522705, -0.6989224553108215, 0.8083752393722534, 0.12112464755773544, 0.6205013394355774, -0.697246789932251, 0.12781284749507904, 0.3126521110534668, -0.3278511166572571, 0.39918068051338196, 0.9085400104522705, -0.45769816637039185, 0.7826278209686279, -0.8166602253913879, -0.8174471259117126, 0.051547013223171234, 0.7759560346603394, -0.03874005004763603, 0.40040528774261475, 0.11381261050701141]
0.03284527169395547;-33.32936477661133;[0.1811225712299347, -0.6746090650558472, 0.168208509683609, 0.8267449140548706, -0.37345728278160095, -0.6902838945388794, 0.8089454174041748, 0.1224343404173851, 0.613623857498169, -0.6978158950805664, 0.12785860896110535, 0.31536799669265747, -0.32788556814193726, 0.38958147168159485, 0.9031876921653748, -0.45548173785209656, 0.7723449468612671, -0.8133774399757385, -0.8105993866920471, 0.0502215176820755, 0.7733600735664368, -0.03990522399544716, 0.4007333219051361, 0.11307042092084885]
0.03301232544949911;-33.11096954345703;[0.17668887972831726, -0.6776439547538757, 0.1645503044128418, 0.8349485397338867, -0.3762767016887665, -0.6823006868362427, 0.8091493844985962, 0.12500207126140594, 0.6068620085716248, -0.6985981464385986, 0.1275278776884079, 0.3178263008594513, -0.32794252038002014, 0.38003575801849365, 0.8975686430931091, -0.45350608229637146, 0.7626292705535889, -0.8102916479110718, -0.8047880530357361, 0.0485256165266037, 0.7710787057876587, -0.041368741542100906, 0.4009459316730499, 0.11487973481416702]
0.033087704785217234;-32.926971435546875;[0.17249703407287598, -0.6805208921432495, 0.16009706258773804, 0.8386451601982117, -0.37892621755599976, -0.6745398044586182, 0.8086994290351868, 0.1281803399324417, 0.6003559231758118, -0.6997877359390259, 0.12752538919448853, 0.32023391127586365, -0.3280326724052429, 0.37062573432922363, 0.8923038244247437, -0.45147913694381714, 0.7533805966377258, -0.8068507313728333, -0.7996631264686584, 0.04663582146167755, 0.7690249085426331, -0.04274595156311989, 0.4010574221611023, 0.11798162758350372]
0.03311974259502325;-32.746646881103516;[0.16843506693840027, -0.6818748116493225, 0.1554589569568634, 0.8416466116905212, -0.38182806968688965, -0.6666115522384644, 0.8080401420593262, 0.13138790428638458, 0.5937644243240356, -0.7016188502311707, 0.1280214637517929, 0.322639524936676, -0.3280598521232605, 0.3612423241138458, 0.8876970410346985, -0.4492788016796112, 0.7441497445106506, -0.8029624819755554, -0.79462069272995, 0.04464131221175194, 0.7670659422874451, -0.0435696542263031, 0.40121397376060486, 0.12115714699029922]
0.03309340453551584;-32.56206130981445;[0.16458937525749207, -0.6832523941993713, 0.15091975033283234, 0.8447672724723816, -0.385166734457016, -0.6585772633552551, 0.8076097369194031, 0.13476070761680603, 0.5869213342666626, -0.7036817669868469, 0.1284099668264389, 0.3250342905521393, -0.32808607816696167, 0.35188132524490356, 0.8830183148384094, -0.4470783770084381, 0.7347760200500488, -0.7991020083427429, -0.7895228266716003, 0.042241405695676804, 0.7651486396789551, -0.04423464462161064, 0.40139225125312805, 0.12454003095626831]
0.0330882604894284;-32.372520446777344;[0.16071908175945282, -0.6847342848777771, 0.14638972282409668, 0.8479328751564026, -0.3886384963989258, -0.6503962278366089, 0.8073009252548218, 0.13823962211608887, 0.5800756812095642, -0.7058830261230469, 0.12869681417942047, 0.3275347352027893, -0.32812899351119995, 0.3425261378288269, 0.8782627582550049, -0.4449796676635742, 0.7254827618598938, -0.7951678037643433, -0.7842820882797241, 0.039763495326042175, 0.7631309628486633, -0.04482154920697212, 0.40166550874710083, 0.12785173952579498]
0.03296938303187013;-32.19342803955078;[0.15749602019786835, -0.6868026256561279, 0.14229454100131989, 0.8511878252029419, -0.39202794432640076, -0.6419737935066223, 0.807394802570343, 0.1416962742805481, 0.57529616355896, -0.7082330584526062, 0.12895424664020538, 0.3299456536769867, -0.3282262980937958, 0.3329616189002991, 0.8735220432281494, -0.4423350989818573, 0.7161341905593872, -0.7910060882568359, -0.7789996266365051, 0.03744611516594887, 0.7605909705162048, -0.04519323632121086, 0.40190941095352173, 0.1315821260213852]
0.032756801122442294;-32.01463317871094;[0.1545618623495102, -0.6889532804489136, 0.13831102848052979, 0.854576051235199, -0.3953847885131836, -0.6334341168403625, 0.8076492547988892, 0.14527572691440582, 0.570858895778656, -0.7106748223304749, 0.1291845440864563, 0.33227962255477905, -0.3283185660839081, 0.32336151599884033, 0.8686970472335815, -0.4395061731338501, 0.7067784070968628, -0.7867444753646851, -0.7737035155296326, 0.03512855991721153, 0.757941722869873, -0.04547871649265289, 0.40212583541870117, 0.1354910135269165]
0.03251562762942783;-31.83912467956543;[0.15131095051765442, -0.691481351852417, 0.13444779813289642, 0.8578537702560425, -0.3990679383277893, -0.6246776580810547, 0.8081029057502747, 0.1487874835729599, 0.5665469169616699, -0.7133511304855347, 0.12924177944660187, 0.33181485533714294, -0.32844680547714233, 0.31371498107910156, 0.8639528751373291, -0.4371001124382019, 0.6977131366729736, -0.7824310660362244, -0.7680873870849609, 0.03275514766573906, 0.7549005150794983, -0.04558049142360687, 0.40267670154571533, 0.1390358954668045]
0.03225335530660284;-31.660600662231445;[0.14809542894363403, -0.6940140724182129, 0.1305701583623886, 0.861187756061554, -0.4028266668319702, -0.6158790588378906, 0.8086504340171814, 0.15245755016803741, 0.5620766282081604, -0.7161257266998291, 0.12918253242969513, 0.33166414499282837, -0.32857415080070496, 0.30414921045303345, 0.8590863347053528, -0.43464064598083496, 0.6885948777198792, -0.7780278921127319, -0.7623935341835022, 0.0303173940628767, 0.7518566250801086, -0.045618508011102676, 0.40323975682258606, 0.1426173597574234]
0.03184682844292928;-31.491884231567383;[0.1451418250799179, -0.6967088580131531, 0.12655805051326752, 0.8651551008224487, -0.40637436509132385, -0.6073819994926453, 0.8090600967407227, 0.1552012413740158, 0.5572935342788696, -0.7188699841499329, 0.12945765256881714, 0.3319967985153198, -0.3286290466785431, 0.2944490313529968, 0.8538550734519958, -0.4318329095840454, 0.6794846057891846, -0.7737500667572021, -0.75710529088974, 0.028958197683095932, 0.7489470839500427, -0.04571480304002762, 0.4035588800907135, 0.14627905189990997]
0.031430575454368975;-31.335695266723633;[0.14234402775764465, -0.7009238600730896, 0.12255856394767761, 0.8701481819152832, -0.40982943773269653, -0.5997352600097656, 0.8096299767494202, 0.15841704607009888, 0.5521449446678162, -0.7216054201126099, 0.13006216287612915, 0.33234089612960815, -0.3286495804786682, 0.2855777144432068, 0.8481994271278381, -0.42910605669021606, 0.6707522869110107, -0.7702003121376038, -0.7525002956390381, 0.02750122919678688, 0.745942234992981, -0.045463766902685165, 0.4039706289768219, 0.14938826858997345]
0.03105808533796152;-31.185131072998047;[0.13960935175418854, -0.705370306968689, 0.11854750663042068, 0.8749191164970398, -0.4131956696510315, -0.591938316822052, 0.810286283493042, 0.16156969964504242, 0.5469294786453247, -0.7243097424507141, 0.1306183636188507, 0.3327094316482544, -0.32862749695777893, 0.2767952084541321, 0.8425275087356567, -0.4266250729560852, 0.6627296805381775, -0.7662778496742249, -0.7476703524589539, 0.025789307430386543, 0.7433951497077942, -0.045154523104429245, 0.4045804738998413, 0.15232841670513153]
0.030553421552915253;-31.03264808654785;[0.13722530007362366, -0.7094223499298096, 0.11530143767595291, 0.8794736266136169, -0.41634780168533325, -0.5837380290031433, 0.811307966709137, 0.16460154950618744, 0.5416377782821655, -0.726900041103363, 0.13014473021030426, 0.33296340703964233, -0.32867544889450073, 0.26810434460639954, 0.836970329284668, -0.4232275187969208, 0.6544907689094543, -0.7619021534919739, -0.7430313229560852, 0.022991793230175972, 0.7411502003669739, -0.045415669679641724, 0.4049663543701172, 0.15546181797981262]
0.030075769527296282;-30.899024963378906;[0.13484305143356323, -0.7121341824531555, 0.11200670897960663, 0.8836817741394043, -0.41994738578796387, -0.5768025517463684, 0.8126656413078308, 0.16772370040416718, 0.5366731286048889, -0.7284371256828308, 0.12887388467788696, 0.33325570821762085, -0.32879382371902466, 0.26027944684028625, 0.8320379853248596, -0.4203050136566162, 0.6462343335151672, -0.7589452266693115, -0.7385293841362, 0.02023252844810486, 0.7387606501579285, -0.04524413123726845, 0.4052773714065552, 0.15853913128376007]
0.029572015989387107;-30.76607894897461;[0.1322060227394104, -0.7149388194084167, 0.10878704488277435, 0.887911319732666, -0.4236578643321991, -0.5697007775306702, 0.8141230940818787, 0.17089378833770752, 0.5317096710205078, -0.7300671339035034, 0.12749294936656952, 0.33359891176223755, -0.3289770781993866, 0.25232937932014465, 0.8271021246910095, -0.4160885512828827, 0.638023853302002, -0.7559323310852051, -0.7339435815811157, 0.017384041100740433, 0.7362912893295288, -0.044988054782152176, 0.4060620665550232, 0.16151101887226105]
0.028996223376463504;-30.61891746520996;[0.1289069950580597, -0.7176679968833923, 0.10562179982662201, 0.8923002481460571, -0.4272337555885315, -0.5625336766242981, 0.8156449198722839, 0.1742243617773056, 0.5265088677406311, -0.7316851615905762, 0.12614752352237701, 0.33392858505249023, -0.3288436532020569, 0.24428239464759827, 0.8220722675323486, -0.4116639792919159, 0.6296902894973755, -0.7529042363166809, -0.729516327381134, 0.014673491008579731, 0.7339529395103455, -0.04466266557574272, 0.40859919786453247, 0.16474834084510803]
0.028327046819691316;-30.462724685668945;[0.125437393784523, -0.7206841111183167, 0.10271087288856506, 0.8987884521484375, -0.4310469925403595, -0.5551198124885559, 0.8173652291297913, 0.17756287753582, 0.5213934779167175, -0.7333840727806091, 0.12481915205717087, 0.3315521478652954, -0.32891106605529785, 0.2360680252313614, 0.8172228336334229, -0.40772488713264465, 0.6215222477912903, -0.749821126461029, -0.724895715713501, 0.011821765452623367, 0.7302358150482178, -0.04422057792544365, 0.41140130162239075, 0.1677132248878479]
0.027512052333055998;-30.256277084350586;[0.12230104953050613, -0.7226423621177673, 0.100084587931633, 0.9121547341346741, -0.4348781406879425, -0.5471404790878296, 0.8193223476409912, 0.1806442141532898, 0.5159242153167725, -0.7345557808876038, 0.12370974570512772, 0.33179640769958496, -0.3290451467037201, 0.22822609543800354, 0.8125573396682739, -0.4045012295246124, 0.6128050684928894, -0.7457153797149658, -0.7197647094726562, 0.009649156592786312, 0.7228611707687378, -0.043868210166692734, 0.4139993190765381, 0.17117013037204742]
0.026921103193560073;-30.07402229309082;[0.11930368095636368, -0.7215361595153809, 0.09746766090393066, 0.9228392839431763, -0.4395318925380707, -0.541296660900116, 0.8211208581924438, 0.1833772510290146, 0.5096385478973389, -0.7351254820823669, 0.12295803427696228, 0.33228930830955505, -0.32896795868873596, 0.22017784416675568, 0.8070151209831238, -0.40474602580070496, 0.6040365695953369, -0.7430375814437866, -0.7155375480651855, 0.007273796480149031, 0.7153564691543579, -0.04304070770740509, 0.41558462381362915, 0.17465005815029144]
0.02644977938169004;-29.909996032714844;[0.11629443615674973, -0.7177157402038574, 0.09432017803192139, 0.9316540360450745, -0.4447874128818512, -0.538151204586029, 0.8230936527252197, 0.1847757250070572, 0.5028366446495056, -0.7347673773765564, 0.12123289704322815, 0.33280155062675476, -0.32896944880485535, 0.21171808242797852, 0.800661027431488, -0.4038875102996826, 0.5963727235794067, -0.7426334619522095, -0.7128173112869263, 0.004242307040840387, 0.7068288922309875, -0.041743334382772446, 0.41674524545669556, 0.1777246594429016]
0.025903804942691885;-29.749082565307617;[0.11338195949792862, -0.7138063311576843, 0.09111593663692474, 0.9403315186500549, -0.4495820701122284, -0.5349326133728027, 0.8249527215957642, 0.18579477071762085, 0.4959862530231476, -0.7343201041221619, 0.11931605637073517, 0.33334505558013916, -0.3291082978248596, 0.2033529132604599, 0.7940782308578491, -0.4030909836292267, 0.5889449119567871, -0.7429187297821045, -0.7099847197532654, 0.0010643766727298498, 0.6985599994659424, -0.04039842262864113, 0.41825059056282043, 0.1808948516845703]
0.02535394280275395;-29.59617805480957;[0.1103077083826065, -0.7099729776382446, 0.08786249905824661, 0.9488128423690796, -0.45407524704933167, -0.5315623879432678, 0.8267711997032166, 0.18684780597686768, 0.48933446407318115, -0.7338067293167114, 0.11748141795396805, 0.33393004536628723, -0.3289570212364197, 0.19480547308921814, 0.7874470353126526, -0.40237438678741455, 0.5817699432373047, -0.7444853782653809, -0.7070198655128479, -0.002287839772179723, 0.6902586221694946, -0.039067257195711136, 0.4198610186576843, 0.18383881449699402]
0.02479374196030403;-29.44232177734375;[0.10698892921209335, -0.7064808011054993, 0.08497604727745056, 0.957060694694519, -0.4588938355445862, -0.5280375480651855, 0.8289229869842529, 0.1877448409795761, 0.48280760645866394, -0.7336302995681763, 0.11532827466726303, 0.3320530951023102, -0.32904279232025146, 0.18619711697101593, 0.7810441851615906, -0.40261757373809814, 0.5747232437133789, -0.7464272975921631, -0.7037785053253174, -0.005835506599396467, 0.6816949844360352, -0.03739563375711441, 0.42182332277297974, 0.1864987015724182]
0.024167738789268357;-29.287260055541992;[0.10421930998563766, -0.7021790146827698, 0.08200244605541229, 0.9654921293258667, -0.4633306562900543, -0.5248938798904419, 0.8303937315940857, 0.18891625106334686, 0.47607579827308655, -0.7335360646247864, 0.11343684792518616, 0.3325194716453552, -0.32910990715026855, 0.1777590662240982, 0.774385392665863, -0.4024449288845062, 0.5677463412284851, -0.7481873631477356, -0.7004387974739075, -0.009475929662585258, 0.6737741827964783, -0.03584970533847809, 0.42398256063461304, 0.18958038091659546]
0.023578179727414644;-29.118724822998047;[0.1013413518667221, -0.6969289183616638, 0.07760039716959, 0.9742615818977356, -0.467485249042511, -0.5227420926094055, 0.8305898904800415, 0.19022369384765625, 0.4696982502937317, -0.7324049472808838, 0.11232701689004898, 0.33294060826301575, -0.328986257314682, 0.16680032014846802, 0.7669488191604614, -0.40114134550094604, 0.5606864094734192, -0.7496076226234436, -0.6976996064186096, -0.013823585584759712, 0.6657831072807312, -0.035356055945158005, 0.4255228042602539, 0.19242314994335175]
0.022960259755715324;-28.949050903320312;[0.09845764189958572, -0.6917234063148499, 0.07265181839466095, 0.9835295081138611, -0.471299946308136, -0.5201196670532227, 0.8301873207092285, 0.19136233627796173, 0.4634602963924408, -0.7311930060386658, 0.11170776933431625, 0.33334609866142273, -0.329022616147995, 0.1566566377878189, 0.7594634890556335, -0.39961713552474976, 0.5535392761230469, -0.7503020167350769, -0.6944480538368225, -0.018252067267894745, 0.6585209965705872, -0.03515439108014107, 0.42696359753608704, 0.19528687000274658]
0.022278013145401447;-28.776866912841797;[0.09444046765565872, -0.6864492297172546, 0.06807661801576614, 0.9929285049438477, -0.47518157958984375, -0.5181032419204712, 0.8296743631362915, 0.19257374107837677, 0.45717447996139526, -0.7310205101966858, 0.11102601140737534, 0.33381956815719604, -0.3291289806365967, 0.14890040457248688, 0.7529355883598328, -0.3988436460494995, 0.5466158986091614, -0.751079261302948, -0.6913331151008606, -0.023002509027719498, 0.6513120532035828, -0.034523334354162216, 0.4286479651927948, 0.1993851661682129]
0.02153781184077155;-28.619646072387695;[0.08995863050222397, -0.6813567280769348, 0.06374067813158035, 1.002166509628296, -0.47926414012908936, -0.5165822505950928, 0.8291860818862915, 0.1937459111213684, 0.4510502219200134, -0.73172527551651, 0.11087960749864578, 0.3320801258087158, -0.32895156741142273, 0.1424815058708191, 0.7471451759338379, -0.3991474211215973, 0.5400218963623047, -0.7520657181739807, -0.6880792379379272, -0.028112027794122696, 0.6438406705856323, -0.03349018096923828, 0.43068939447402954, 0.20367766916751862]
0.02092658995835384;-28.49630355834961;[0.08899810910224915, -0.6787207722663879, 0.05934673920273781, 1.0081437826156616, -0.4834931492805481, -0.515082836151123, 0.8297207355499268, 0.19320261478424072, 0.4454047977924347, -0.7325959205627441, 0.11387573182582855, 0.3324243128299713, -0.32901278138160706, 0.13744893670082092, 0.7411739230155945, -0.39791733026504517, 0.5340487360954285, -0.7534757852554321, -0.6836034059524536, -0.034485261887311935, 0.6426840424537659, -0.032191064208745956, 0.43223607540130615, 0.20606400072574615]
0.02032812442235853;-28.3854923248291;[0.08911101520061493, -0.6767700910568237, 0.05489201098680496, 1.0130139589309692, -0.4877912402153015, -0.5134633779525757, 0.8307231068611145, 0.19194838404655457, 0.4399714469909668, -0.73342365026474, 0.11694858968257904, 0.33274731040000916, -0.3290141820907593, 0.13253335654735565, 0.7350346446037292, -0.3958572745323181, 0.5283471941947937, -0.7547980546951294, -0.6783934235572815, -0.04135667160153389, 0.6433937549591064, -0.030881965532898903, 0.43376460671424866, 0.20773455500602722]
0.019727044370803793;-28.278438568115234;[0.089243084192276, -0.6749223470687866, 0.0503535233438015, 1.0175296068191528, -0.4917828142642975, -0.5116024017333984, 0.8318288922309875, 0.19066575169563293, 0.4342890977859497, -0.734200656414032, 0.12008291482925415, 0.3330499231815338, -0.32897961139678955, 0.12792091071605682, 0.7288880348205566, -0.39317360520362854, 0.5232736468315125, -0.756179928779602, -0.6731547713279724, -0.04812224954366684, 0.6440592408180237, -0.02964339591562748, 0.4353741705417633, 0.20925401151180267]
0.019337439160299275;-28.201488494873047;[0.08943191915750504, -0.6735381484031677, 0.04562026262283325, 1.0214184522628784, -0.49215784668922424, -0.509583055973053, 0.8336288928985596, 0.1904785931110382, 0.4288560450077057, -0.7349783778190613, 0.12120819091796875, 0.3333592116832733, -0.3289698660373688, 0.12423256784677505, 0.7225701808929443, -0.390625923871994, 0.5242993831634521, -0.756824254989624, -0.668886125087738, -0.05466412007808685, 0.6440768241882324, -0.02870943211019039, 0.4369288682937622, 0.21068699657917023]
0.018952614787835075;-28.125091552734375;[0.08963536471128464, -0.672337532043457, 0.040983375161886215, 1.025094985961914, -0.4928312599658966, -0.5076131820678711, 0.8356705904006958, 0.1902657002210617, 0.4234241247177124, -0.7358642220497131, 0.1219337210059166, 0.33368998765945435, -0.32892781496047974, 0.12067003548145294, 0.7162880897521973, -0.38806968927383423, 0.5249845385551453, -0.7574728727340698, -0.6647059321403503, -0.06124795228242874, 0.6440129280090332, -0.027718612924218178, 0.43854644894599915, 0.2120639681816101]
0.018560193866159744;-28.053943634033203;[0.08972587436437607, -0.6709798574447632, 0.03648332878947258, 1.028564691543579, -0.4934907853603363, -0.505932629108429, 0.8377315402030945, 0.19017767906188965, 0.4178471565246582, -0.7368825078010559, 0.12262843549251556, 0.33188802003860474, -0.3289085626602173, 0.11724235862493515, 0.7098957896232605, -0.3872951865196228, 0.5257580280303955, -0.7582370638847351, -0.6606385111808777, -0.0679960772395134, 0.6438693404197693, -0.026580197736620903, 0.4402761459350586, 0.2134278416633606]
0.018226194898326158;-27.980411529541016;[0.0898486003279686, -0.670432984828949, 0.0318308100104332, 1.0319795608520508, -0.494169145822525, -0.5033585429191589, 0.840309202671051, 0.18966443836688995, 0.4124569594860077, -0.737542986869812, 0.12327314913272858, 0.33210647106170654, -0.3288959860801697, 0.1140400767326355, 0.703662097454071, -0.38492390513420105, 0.5264782905578613, -0.7588367462158203, -0.6565975546836853, -0.07443293184041977, 0.643937349319458, -0.025598296895623207, 0.441579133272171, 0.21456333994865417]
0.017855100603763902;-27.907068252563477;[0.08974967151880264, -0.6699380278587341, 0.027175569906830788, 1.0355539321899414, -0.4947543740272522, -0.5005731582641602, 0.8431750535964966, 0.18924741446971893, 0.40686607360839844, -0.7381335496902466, 0.12370516359806061, 0.33236178755760193, -0.3288193941116333, 0.11099883913993835, 0.6974441409111023, -0.3826569616794586, 0.5270938873291016, -0.759452223777771, -0.652768611907959, -0.08059808611869812, 0.6437523365020752, -0.024562034755945206, 0.44262272119522095, 0.21589046716690063]
0.017548793460561818;-27.838050842285156;[0.08975084871053696, -0.669857919216156, 0.022792324423789978, 1.0386791229248047, -0.4954671263694763, -0.4979270398616791, 0.8449903130531311, 0.18865184485912323, 0.4012649655342102, -0.7389805912971497, 0.12395402789115906, 0.33263424038887024, -0.32887032628059387, 0.10776324570178986, 0.6914227604866028, -0.3804868757724762, 0.527849555015564, -0.7604652643203735, -0.6509432792663574, -0.08682079613208771, 0.6437028646469116, -0.023296499624848366, 0.44377729296684265, 0.21697457134723663]
0.01735935660104474;-27.778322219848633;[0.08966145664453506, -0.6703494787216187, 0.018650010228157043, 1.0410622358322144, -0.49644842743873596, -0.4954606294631958, 0.8455968499183655, 0.188094362616539, 0.39577144384384155, -0.7402843236923218, 0.12390134483575821, 0.3329075574874878, -0.32873955368995667, 0.10417293012142181, 0.6858686208724976, -0.37820419669151306, 0.5289970636367798, -0.7621837854385376, -0.6517420411109924, -0.09302913397550583, 0.6435787677764893, -0.02173386700451374, 0.44505345821380615, 0.21763594448566437]
0.017112315045535842;-27.718191146850586;[0.08958766609430313, -0.6709128618240356, 0.01451844722032547, 1.0437740087509155, -0.4972720444202423, -0.4929390251636505, 0.8459749817848206, 0.18694551289081573, 0.39080798625946045, -0.7417823672294617, 0.12448672205209732, 0.3331519067287445, -0.3288985788822174, 0.10101069509983063, 0.6804251670837402, -0.37589097023010254, 0.5298888087272644, -0.76422518491745, -0.6519472599029541, -0.09929734468460083, 0.6436489224433899, -0.02006153017282486, 0.44627657532691956, 0.21853004395961761]
0.016827630761830834;-27.670602798461914;[0.08958107978105545, -0.6715212464332581, 0.010721765458583832, 1.0465363264083862, -0.49798011779785156, -0.4907532334327698, 0.8462765216827393, 0.18575556576251984, 0.38761264085769653, -0.7435080409049988, 0.12507691979408264, 0.3333972096443176, -0.32872474193573, 0.09903016686439514, 0.675250232219696, -0.37351155281066895, 0.5306975245475769, -0.7666482925415039, -0.6526103019714355, -0.10520868003368378, 0.6436993479728699, -0.01798933558166027, 0.4478051960468292, 0.21976648271083832]
0.0166748126593401;-27.607269287109375;[0.08929351717233658, -0.6720261573791504, 0.00667665246874094, 1.0491572618484497, -0.4989791810512543, -0.4884262979030609, 0.8466836810112, 0.18209807574748993, 0.3845781981945038, -0.7450389862060547, 0.12558509409427643, 0.33368560671806335, -0.32872360944747925, 0.0972365289926529, 0.6699928045272827, -0.3710218369960785, 0.5317385196685791, -0.7686235308647156, -0.6531731486320496, -0.11271671205759048, 0.6435238718986511, -0.016183244064450264, 0.44939717650413513, 0.2207101583480835]
0.016595668805150097;-27.565149307250977;[0.08875670284032822, -0.6719623804092407, 0.003178918268531561, 1.0488489866256714, -0.4996746778488159, -0.4870864748954773, 0.8477867841720581, 0.18214748799800873, 0.3809938132762909, -0.7472360134124756, 0.126585453748703, 0.3317105174064636, -0.32875025272369385, 0.09493272751569748, 0.6653378009796143, -0.3703034520149231, 0.532485842704773, -0.7709483504295349, -0.6535898447036743, -0.11861508339643478, 0.6429004073143005, -0.014023362658917904, 0.4498650133609772, 0.22130197286605835]
0.016476141895721528;-27.52944564819336;[0.08850517123937607, -0.6721456050872803, -0.00012435427925083786, 1.0486537218093872, -0.5002709031105042, -0.4857582151889801, 0.8492158055305481, 0.18379835784435272, 0.3774811327457428, -0.7495550513267517, 0.12784793972969055, 0.3319147527217865, -0.3286594748497009, 0.09246067702770233, 0.6610488891601562, -0.3679988980293274, 0.533090353012085, -0.7732428908348083, -0.6537215113639832, -0.12334282696247101, 0.6425676941871643, -0.011843983083963394, 0.44999223947525024, 0.221970334649086]
0.01649493806321963;-27.474742889404297;[0.08810551464557648, -0.6722174286842346, -0.0038706394843757153, 1.04835844039917, -0.5009942650794983, -0.4839264750480652, 0.8501417636871338, 0.18276196718215942, 0.37410157918930054, -0.7514598965644836, 0.129402756690979, 0.33212706446647644, -0.3287782073020935, 0.0901847779750824, 0.6563270092010498, -0.36587250232696533, 0.5338918566703796, -0.7753148078918457, -0.6540231704711914, -0.1302468180656433, 0.6421244144439697, -0.01002285722643137, 0.45002397894859314, 0.222357377409935]
0.016684719378761332;-27.406726837158203;[0.08750832080841064, -0.6724691987037659, -0.007912668399512768, 1.0482572317123413, -0.502189576625824, -0.48164358735084534, 0.850494921207428, 0.17876474559307098, 0.3711186945438385, -0.7530384659767151, 0.1312015801668167, 0.3323748707771301, -0.3286439776420593, 0.08784947544336319, 0.6512279510498047, -0.3642955422401428, 0.5350804328918457, -0.7771989107131958, -0.6541281938552856, -0.13944531977176666, 0.6416440010070801, -0.008380976505577564, 0.45040467381477356, 0.22233077883720398]
0.016824816618302596;-27.338592529296875;[0.08695349842309952, -0.6725777983665466, -0.01201672200113535, 1.0481351613998413, -0.5031517744064331, -0.4793124496936798, 0.850830078125, 0.17481403052806854, 0.3679533898830414, -0.7545620203018188, 0.13303600251674652, 0.33262279629707336, -0.3286413848400116, 0.08559729158878326, 0.6460409164428711, -0.36253318190574646, 0.5362624526023865, -0.7790411114692688, -0.6543604135513306, -0.14865852892398834, 0.6411492824554443, -0.006789194419980049, 0.4506499767303467, 0.2224266231060028]
0.016993081887954547;-27.267215728759766;[0.08633778244256973, -0.6727882623672485, -0.016097698360681534, 1.0479936599731445, -0.5042122602462769, -0.4769878387451172, 0.8512140512466431, 0.17100286483764648, 0.36494073271751404, -0.7561692595481873, 0.13481122255325317, 0.3328998386859894, -0.3286929130554199, 0.08323798328638077, 0.640846312046051, -0.3609502911567688, 0.5372815132141113, -0.7809432744979858, -0.6544996500015259, -0.15792259573936462, 0.6406728625297546, -0.00513097457587719, 0.4510863125324249, 0.222367063164711]
0.017151584542771377;-27.20958709716797;[0.08597928285598755, -0.6719267964363098, -0.020927250385284424, 1.0482255220413208, -0.5048763155937195, -0.47388771176338196, 0.8508806228637695, 0.1680295467376709, 0.3628263473510742, -0.7575467228889465, 0.1349506676197052, 0.3333668112754822, -0.328600138425827, 0.08096888661384583, 0.6367368102073669, -0.3596264719963074, 0.5373979806900024, -0.7826931476593018, -0.6561280488967896, -0.1660398244857788, 0.640243649482727, -0.0019201930845156312, 0.4513668119907379, 0.22184856235980988]
0.01733036273909855;-27.1551456451416;[0.08565451204776764, -0.6710524559020996, -0.025748617947101593, 1.0483201742172241, -0.5057114362716675, -0.4705564081668854, 0.8503659963607788, 0.16536808013916016, 0.36121028661727905, -0.7588657736778259, 0.13483667373657227, 0.3315883278846741, -0.3286024332046509, 0.07860752940177917, 0.632847785949707, -0.3587770164012909, 0.537482500076294, -0.7844438552856445, -0.6579855680465698, -0.17411474883556366, 0.6398590803146362, 0.0016767398919910192, 0.4515991806983948, 0.22086364030838013]
0.01748586939935408;-27.084022521972656;[0.08547905087471008, -0.6702674627304077, -0.030603092163801193, 1.049302577972412, -0.5055060386657715, -0.46682679653167725, 0.8504709601402283, 0.16312842071056366, 0.35932013392448425, -0.7598404884338379, 0.1350768506526947, 0.3319677412509918, -0.32870185375213623, 0.07657288759946823, 0.6285280585289001, -0.3575030565261841, 0.537841796875, -0.7856178283691406, -0.6586910486221313, -0.18349198997020721, 0.6396480798721313, 0.004993409384042025, 0.45090094208717346, 0.22028562426567078]
0.01764974269563747;-27.008621215820312;[0.08528338372707367, -0.6694994568824768, -0.03567754104733467, 1.0494747161865234, -0.5047019720077515, -0.4630003273487091, 0.8507384657859802, 0.16086536645889282, 0.3568935692310333, -0.7606400847434998, 0.13546410202980042, 0.3323594033718109, -0.3285679519176483, 0.0746268481016159, 0.6241077184677124, -0.35579729080200195, 0.5381541848182678, -0.7865667343139648, -0.6590772867202759, -0.19408854842185974, 0.6392804384231567, 0.008255889639258385, 0.44988957047462463, 0.2194976806640625]
0.017800662325145235;-26.930641174316406;[0.08506970852613449, -0.668602705001831, -0.04089728742837906, 1.049715280532837, -0.5046383738517761, -0.4591108560562134, 0.8509754538536072, 0.158633291721344, 0.35420018434524536, -0.7613013982772827, 0.13590240478515625, 0.3327587842941284, -0.32855451107025146, 0.07279353588819504, 0.6195807456970215, -0.3538326919078827, 0.5381245017051697, -0.7873953580856323, -0.6594663858413696, -0.2045527845621109, 0.6388172507286072, 0.011438972316682339, 0.4487077295780182, 0.21884052455425262]
0.017984144899892016;-26.852310180664062;[0.08485258370637894, -0.6676353216171265, -0.044383540749549866, 1.0499697923660278, -0.504733145236969, -0.45505934953689575, 0.8515117168426514, 0.15664097666740417, 0.35167109966278076, -0.7618080973625183, 0.1341455727815628, 0.3331916928291321, -0.32862693071365356, 0.07099374383687973, 0.6149608492851257, -0.3518576920032501, 0.538343608379364, -0.7879849076271057, -0.6601132750511169, -0.21489091217517853, 0.6383225321769714, 0.014527262188494205, 0.44758376479148865, 0.21812929213047028]
0.018120398269385617;-26.785320281982422;[0.08480239659547806, -0.6666204929351807, -0.04633704945445061, 1.0502208471298218, -0.5050503611564636, -0.4507909417152405, 0.8524441123008728, 0.15484993159770966, 0.3491796553134918, -0.762087881565094, 0.13065260648727417, 0.33262476325035095, -0.32852157950401306, 0.0692908838391304, 0.6102107167243958, -0.34988197684288025, 0.5387254357337952, -0.7882671356201172, -0.6608426570892334, -0.22511865198612213, 0.6379151344299316, 0.01747434027493, 0.44631123542785645, 0.21742495894432068]
0.01834052036941848;-26.715206146240234;[0.08472709357738495, -0.665389895439148, -0.04835059121251106, 1.0505908727645874, -0.5049973726272583, -0.44625815749168396, 0.853274405002594, 0.1533687263727188, 0.3469580113887787, -0.7621228694915771, 0.1269892305135727, 0.3318420350551605, -0.328628808259964, 0.06783804297447205, 0.6052289009094238, -0.3501247465610504, 0.5387088060379028, -0.7883028984069824, -0.6617517471313477, -0.23534996807575226, 0.6375213861465454, 0.02019316516816616, 0.44498759508132935, 0.21668849885463715]
0.018521618465151244;-26.648893356323242;[0.08471550792455673, -0.6639497876167297, -0.05086645483970642, 1.0510547161102295, -0.5053222179412842, -0.4415067732334137, 0.8536645174026489, 0.1513945609331131, 0.3448980748653412, -0.762170135974884, 0.12455897033214569, 0.33218613266944885, -0.32851603627204895, 0.06632670760154724, 0.6004000902175903, -0.34998270869255066, 0.539108157157898, -0.7882465720176697, -0.6619775295257568, -0.24520201981067657, 0.6371285915374756, 0.022975658997893333, 0.44370055198669434, 0.21655170619487762]
0.01868138801515354;-26.583772659301758;[0.08439746499061584, -0.6616119742393494, -0.05376755818724632, 1.0511279106140137, -0.5055133700370789, -0.4371338486671448, 0.8531599044799805, 0.14913925528526306, 0.3426535725593567, -0.7618856430053711, 0.12450271844863892, 0.33251261711120605, -0.32826676964759827, 0.06451856344938278, 0.5955968499183655, -0.3498852252960205, 0.5393472909927368, -0.7886327505111694, -0.6615847945213318, -0.25471416115760803, 0.636650562286377, 0.02584902197122574, 0.4425129294395447, 0.2165011316537857]
0.018826637366002916;-26.51948356628418;[0.08402685821056366, -0.6590451002120972, -0.05681953579187393, 1.0509233474731445, -0.5055108070373535, -0.4330029785633087, 0.8528337478637695, 0.14674314856529236, 0.3408469557762146, -0.7615703344345093, 0.12442892044782639, 0.3328394293785095, -0.3279885947704315, 0.06272149085998535, 0.5907496809959412, -0.34968823194503784, 0.5395137071609497, -0.789160430431366, -0.6612235903739929, -0.26419663429260254, 0.6360300779342651, 0.028755389153957367, 0.4411712884902954, 0.21651096642017365]
0.018977943508696044;-26.454452514648438;[0.08369272202253342, -0.6564372181892395, -0.06038061901926994, 1.0508098602294922, -0.5054203271865845, -0.4285487234592438, 0.8523796200752258, 0.14458078145980835, 0.33921656012535095, -0.7611542344093323, 0.12465237826108932, 0.33318838477134705, -0.32775571942329407, 0.06109527871012688, 0.5858058333396912, -0.3498044013977051, 0.5394583344459534, -0.7894966006278992, -0.660710334777832, -0.2736954987049103, 0.6354498863220215, 0.03149138763546944, 0.43985915184020996, 0.2165827751159668]
0.01909285652253404;-26.385770797729492;[0.08338907361030579, -0.6538209319114685, -0.06445836275815964, 1.0508971214294434, -0.5052602291107178, -0.42418304085731506, 0.8519132733345032, 0.14259566366672516, 0.3375737965106964, -0.7607075572013855, 0.12510520219802856, 0.3335605561733246, -0.32762977480888367, 0.05950479581952095, 0.5807700157165527, -0.34958693385124207, 0.5393664836883545, -0.7899620532989502, -0.6602816581726074, -0.2832626700401306, 0.6348983645439148, 0.03419825807213783, 0.4384714961051941, 0.2167302966117859]
0.019242510412108425;-26.32449722290039;[0.08320708572864532, -0.6517647504806519, -0.06873972713947296, 1.051047444343567, -0.5053239464759827, -0.4200303852558136, 0.8512679934501648, 0.14164991676807404, 0.33618664741516113, -0.7601965665817261, 0.12489418685436249, 0.3316847085952759, -0.3274863064289093, 0.05786709487438202, 0.5770654082298279, -0.3498397171497345, 0.5395073890686035, -0.7905343770980835, -0.6595911383628845, -0.2929610311985016, 0.6343399286270142, 0.03692948445677757, 0.43709617853164673, 0.2164863497018814]
0.019301413406898282;-26.29495620727539;[0.08344126492738724, -0.6493265628814697, -0.07353510707616806, 1.0508489608764648, -0.5043405890464783, -0.41642656922340393, 0.8505312204360962, 0.14272242784500122, 0.33506953716278076, -0.7592971920967102, 0.12347476929426193, 0.3318277895450592, -0.32757171988487244, 0.05687233805656433, 0.5755089521408081, -0.3498072326183319, 0.5385563373565674, -0.7911755442619324, -0.6587903499603271, -0.30079376697540283, 0.6335360407829285, 0.03949134424328804, 0.4348096251487732, 0.21677830815315247]
0.019341723048103034;-26.242734909057617;[0.08380346745252609, -0.6469208002090454, -0.07847517728805542, 1.0506527423858643, -0.5032036900520325, -0.412647545337677, 0.849860429763794, 0.14409412443637848, 0.33464372158050537, -0.7584259510040283, 0.12208647280931473, 0.3319680988788605, -0.32751259207725525, 0.05593827739357948, 0.5740465521812439, -0.3498474955558777, 0.5373834371566772, -0.7918502688407898, -0.6579654216766357, -0.308113157749176, 0.6327649354934692, 0.042087141424417496, 0.43245941400527954, 0.21717461943626404]
0.01948290882873769;-26.19952964782715;[0.08404835313558578, -0.6444036960601807, -0.08361697196960449, 1.0502516031265259, -0.502180814743042, -0.40871596336364746, 0.8491257429122925, 0.14565666019916534, 0.33454182744026184, -0.7573683261871338, 0.12065106630325317, 0.33211231231689453, -0.3275323212146759, 0.05508210137486458, 0.5725820660591125, -0.3497910499572754, 0.5363613963127136, -0.792336106300354, -0.657081127166748, -0.3155050277709961, 0.6318777203559875, 0.04450277239084244, 0.430034339427948, 0.21740135550498962]
0.019562662508044986;-26.157323837280273;[0.08438433706760406, -0.6419900059700012, -0.08883285522460938, 1.0499612092971802, -0.5010854005813599, -0.4046226441860199, 0.848475456237793, 0.14682771265506744, 0.33445578813552856, -0.7564833164215088, 0.11946197599172592, 0.3322744071483612, -0.3275640308856964, 0.05412738025188446, 0.570896327495575, -0.34964993596076965, 0.5352428555488586, -0.7929291725158691, -0.656272292137146, -0.32304397225379944, 0.6311155557632446, 0.04703792929649353, 0.4277171790599823, 0.21773359179496765]
0.01967140422621256;-26.11236000061035;[0.08474899083375931, -0.6396760940551758, -0.09423352032899857, 1.0497492551803589, -0.49998366832733154, -0.40047597885131836, 0.8477277755737305, 0.1481994241476059, 0.33445093035697937, -0.7555593848228455, 0.11813995987176895, 0.33243855834007263, -0.3276391327381134, 0.053186800330877304, 0.5694862008094788, -0.34964290261268616, 0.5341901779174805, -0.7935025691986084, -0.6554678082466125, -0.33069488406181335, 0.6303514838218689, 0.049534156918525696, 0.4253767132759094, 0.21805082261562347]
0.01976056464517436;-26.06734848022461;[0.08504383265972137, -0.6371923089027405, -0.09983880072832108, 1.0495026111602783, -0.49891725182533264, -0.3963069021701813, 0.8469473123550415, 0.1495334953069687, 0.3344423472881317, -0.7545815706253052, 0.11674296110868454, 0.33259105682373047, -0.32770854234695435, 0.052291762083768845, 0.5681959390640259, -0.34958744049072266, 0.5329383611679077, -0.7940769195556641, -0.6547530889511108, -0.3383622467517853, 0.6294418573379517, 0.05198878422379494, 0.42298316955566406, 0.21848823130130768]
0.019865315340639744;-26.021034240722656;[0.08535434305667877, -0.6347270011901855, -0.105550117790699, 1.049309253692627, -0.4977124035358429, -0.3919326066970825, 0.8462514281272888, 0.15078070759773254, 0.3344619870185852, -0.7536068558692932, 0.11554459482431412, 0.33276861906051636, -0.3278042674064636, 0.05136687308549881, 0.5666861534118652, -0.349599689245224, 0.5319353342056274, -0.7945935130119324, -0.6539329290390015, -0.34615546464920044, 0.6286126375198364, 0.05443444475531578, 0.4206530749797821, 0.21890157461166382]
0.019960469781451464;-25.974641799926758;[0.085756316781044, -0.6323043704032898, -0.11141230165958405, 1.0491384267807007, -0.4965445101261139, -0.3874899744987488, 0.8455584049224854, 0.1520981639623642, 0.33448144793510437, -0.7526068687438965, 0.11436676234006882, 0.3329455256462097, -0.32790061831474304, 0.050473403185606, 0.565284252166748, -0.3495696485042572, 0.5308102965354919, -0.7950826287269592, -0.6530585289001465, -0.35403066873550415, 0.627850353717804, 0.056847069412469864, 0.41826584935188293, 0.21932823956012726]
0.020064753391396677;-25.928157806396484;[0.08615702390670776, -0.6299218535423279, -0.11742692440748215, 1.0488356351852417, -0.4953751564025879, -0.3830084800720215, 0.8448157906532288, 0.15336111187934875, 0.3344982862472534, -0.7516595125198364, 0.11314869672060013, 0.33312731981277466, -0.32799962162971497, 0.04954526573419571, 0.5639521479606628, -0.3494470715522766, 0.5296216011047363, -0.7956171035766602, -0.6522860527038574, -0.361983984708786, 0.627056360244751, 0.05928074195981026, 0.41590800881385803, 0.2196829617023468]
0.020161433124057857;-25.88165283203125;[0.08653808385133743, -0.6274370551109314, -0.1236262172460556, 1.0484944581985474, -0.494149386882782, -0.37851521372795105, 0.8441111445426941, 0.1546374261379242, 0.3345189690589905, -0.7506601214408875, 0.1118723675608635, 0.3332979679107666, -0.3280965983867645, 0.04867681488394737, 0.5627327561378479, -0.34941497445106506, 0.5283405184745789, -0.7961310744285583, -0.6514749526977539, -0.36994668841362, 0.6261765360832214, 0.061654943972826004, 0.41347020864486694, 0.22010618448257446]
0.020276919138945606;-25.84112548828125;[0.08684708923101425, -0.6251607537269592, -0.1298529952764511, 1.0482178926467896, -0.49332067370414734, -0.37375208735466003, 0.8433752655982971, 0.1559295505285263, 0.3343655467033386, -0.7497124075889587, 0.11072096973657608, 0.3320118188858032, -0.3280704915523529, 0.047615908086299896, 0.5613226890563965, -0.3496563136577606, 0.5273030996322632, -0.7966235280036926, -0.6506279110908508, -0.37813693284988403, 0.625342845916748, 0.06403084099292755, 0.4112357795238495, 0.22031311690807343]
0.020341483913872294;-25.791259765625;[0.08702673763036728, -0.6229339838027954, -0.13619455695152283, 1.0481501817703247, -0.4923035502433777, -0.3688618242740631, 0.842775821685791, 0.156731516122818, 0.33423274755477905, -0.7491267919540405, 0.10963232070207596, 0.33122947812080383, -0.3280758261680603, 0.046243492513895035, 0.5597076416015625, -0.3497604429721832, 0.5263799428939819, -0.7974370718002319, -0.6499271392822266, -0.38664230704307556, 0.6244199872016907, 0.06676189601421356, 0.409352570772171, 0.22071115672588348]
0.020349510999462653;-25.74260139465332;[0.08744902163743973, -0.6205496788024902, -0.1428561508655548, 1.0478473901748657, -0.49074485898017883, -0.36462023854255676, 0.8421403765678406, 0.15776905417442322, 0.3341977894306183, -0.748468816280365, 0.10820826143026352, 0.3313411474227905, -0.3281317949295044, 0.04511610418558121, 0.5588549375534058, -0.34965282678604126, 0.5250147581100464, -0.7982273697853088, -0.6492751836776733, -0.3951053321361542, 0.6234323978424072, 0.06947755813598633, 0.407092422246933, 0.22130925953388214]
0.020353740777753544;-25.70709228515625;[0.08787895739078522, -0.6187253594398499, -0.14942091703414917, 1.0474011898040771, -0.4896669387817383, -0.3608553409576416, 0.8416330814361572, 0.15837906301021576, 0.3341491222381592, -0.7482617497444153, 0.10669337213039398, 0.3315267264842987, -0.3281949758529663, 0.04390113055706024, 0.5579339861869812, -0.3497154414653778, 0.5238645672798157, -0.7985824942588806, -0.6487174034118652, -0.4009034335613251, 0.6226068735122681, 0.07247462868690491, 0.4052310883998871, 0.22171247005462646]
0.02031102109957219;-25.690319061279297;[0.08827310800552368, -0.617123544216156, -0.1537339687347412, 1.047398328781128, -0.4889770746231079, -0.35750138759613037, 0.8411919474601746, 0.16002243757247925, 0.33413276076316833, -0.7482197880744934, 0.10554365813732147, 0.3317851424217224, -0.32832372188568115, 0.04223096743226051, 0.5563985705375671, -0.34964773058891296, 0.5230583548545837, -0.798888623714447, -0.6478644013404846, -0.4014504849910736, 0.6219919323921204, 0.07560855895280838, 0.40372899174690247, 0.22212837636470795]
0.020325576464444488;-25.6718807220459;[0.08866598457098007, -0.6156346201896667, -0.1580491065979004, 1.0471161603927612, -0.4882636070251465, -0.35401633381843567, 0.8405221104621887, 0.16161760687828064, 0.3341532349586487, -0.7482098340988159, 0.10419399291276932, 0.33209916949272156, -0.32848161458969116, 0.040646761655807495, 0.5543864369392395, -0.34962552785873413, 0.5224029421806335, -0.7992408275604248, -0.6472617387771606, -0.4018935263156891, 0.6213546991348267, 0.07874389737844467, 0.4021996259689331, 0.22236928343772888]
0.0202944026211373;-25.656057357788086;[0.08934726566076279, -0.6140360832214355, -0.16307051479816437, 1.046943187713623, -0.48749610781669617, -0.3504425883293152, 0.8399876356124878, 0.16357159614562988, 0.33419284224510193, -0.7481115460395813, 0.10192299634218216, 0.33253347873687744, -0.32862433791160583, 0.03947865962982178, 0.5508619546890259, -0.3494906723499298, 0.5216060280799866, -0.7999020218849182, -0.6467170119285583, -0.40201011300086975, 0.6204339861869812, 0.0820431336760521, 0.4004247188568115, 0.22275346517562866]
0.020255923568958632;-25.627893447875977;[0.09021887928247452, -0.6121746301651001, -0.16855739057064056, 1.046795129776001, -0.48686543107032776, -0.34665849804878235, 0.8398091793060303, 0.16559657454490662, 0.33401426672935486, -0.7478706240653992, 0.09954514354467392, 0.3330036401748657, -0.32855892181396484, 0.03850719332695007, 0.5472887754440308, -0.3494860827922821, 0.5208792686462402, -0.8004738092422485, -0.6461388468742371, -0.40196776390075684, 0.6194008588790894, 0.08542381227016449, 0.3986299932003021, 0.22310352325439453]
0.02026290130463011;-25.61070442199707;[0.09093865752220154, -0.610778272151947, -0.17436474561691284, 1.0466760396957397, -0.48686692118644714, -0.3423543870449066, 0.8395291566848755, 0.16723613440990448, 0.33390143513679504, -0.747821033000946, 0.09718291461467743, 0.33154088258743286, -0.3285669684410095, 0.03743293136358261, 0.543694019317627, -0.34964853525161743, 0.5207208395004272, -0.800973117351532, -0.6457435488700867, -0.40223386883735657, 0.618420422077179, 0.0888364315032959, 0.3971935510635376, 0.22313249111175537]
0.02025771640896276;-25.587133407592773;[0.09172797948122025, -0.6091802716255188, -0.18007902801036835, 1.0466060638427734, -0.48648253083229065, -0.33813953399658203, 0.8393034338951111, 0.16875585913658142, 0.33387917280197144, -0.7476627826690674, 0.09499254822731018, 0.3315247595310211, -0.32864680886268616, 0.036595527082681656, 0.539928674697876, -0.3496500551700592, 0.5205246210098267, -0.801348090171814, -0.6452679634094238, -0.40237733721733093, 0.6175408363342285, 0.0920705795288086, 0.39555394649505615, 0.22341321408748627]
0.02022566623059343;-25.565093994140625;[0.0925404280424118, -0.6072568893432617, -0.18556664884090424, 1.0462983846664429, -0.4857798218727112, -0.33478859066963196, 0.8390277624130249, 0.17064325511455536, 0.33387109637260437, -0.7474024295806885, 0.09272116422653198, 0.3318808078765869, -0.3287321627140045, 0.03567032888531685, 0.5364066362380981, -0.34952473640441895, 0.5198394060134888, -0.8019263744354248, -0.6448677182197571, -0.4022991955280304, 0.6164785027503967, 0.09529868513345718, 0.3937864601612091, 0.22370545566082]
0.020207573863944197;-25.539758682250977;[0.09337043017148972, -0.6057599186897278, -0.19133883714675903, 1.0462024211883545, -0.4853306710720062, -0.3307419717311859, 0.8386439085006714, 0.17216330766677856, 0.3339066505432129, -0.7472140192985535, 0.09033465385437012, 0.3322806656360626, -0.32885390520095825, 0.035007234662771225, 0.5331977605819702, -0.34953194856643677, 0.5193551778793335, -0.8022559285163879, -0.6442046165466309, -0.4024859070777893, 0.6155682802200317, 0.09836585074663162, 0.3921333849430084, 0.22405749559402466]
0.0201633026227504;-25.515838623046875;[0.09445551037788391, -0.6044037938117981, -0.19702410697937012, 1.0463544130325317, -0.4849132299423218, -0.3275912404060364, 0.8374438881874084, 0.1720004826784134, 0.33394068479537964, -0.7466690540313721, 0.08736284077167511, 0.33266258239746094, -0.32898133993148804, 0.0339413583278656, 0.5308103561401367, -0.3494141101837158, 0.5189538598060608, -0.8024141788482666, -0.6428271532058716, -0.4025507867336273, 0.6143931150436401, 0.10117527097463608, 0.38920995593070984, 0.22380495071411133]
0.0201270373976821;-25.49108123779297;[0.09519504010677338, -0.6021232604980469, -0.20259544253349304, 1.0462268590927124, -0.4843037724494934, -0.3240329921245575, 0.8361488580703735, 0.17193588614463806, 0.3339168429374695, -0.7457115650177002, 0.08488687872886658, 0.3330162763595581, -0.3290192782878876, 0.033319585025310516, 0.5279104709625244, -0.349296510219574, 0.5183060169219971, -0.8017429113388062, -0.6411254405975342, -0.4025871157646179, 0.6125538945198059, 0.10294070094823837, 0.3858393728733063, 0.2239379733800888]
0.02008861377457495;-25.47367286682129;[0.09590955823659897, -0.6001861691474915, -0.20809932053089142, 1.046377420425415, -0.4840978682041168, -0.3204286992549896, 0.8348848223686218, 0.17191016674041748, 0.33375266194343567, -0.7449573278427124, 0.08272211253643036, 0.3314385414123535, -0.3289515972137451, 0.03227373585104942, 0.5246213674545288, -0.3495634198188782, 0.5181522369384766, -0.8010547757148743, -0.6395617127418518, -0.40259724855422974, 0.6106993556022644, 0.10472777485847473, 0.38291555643081665, 0.22382864356040955]
0.020045676877126304;-25.450485229492188;[0.09660521149635315, -0.5979521870613098, -0.21277903020381927, 1.0463523864746094, -0.48353856801986694, -0.31677010655403137, 0.833721399307251, 0.17185650765895844, 0.33366790413856506, -0.744340717792511, 0.08087516576051712, 0.3314829170703888, -0.3289589583873749, 0.0312933586537838, 0.5208956599235535, -0.34951335191726685, 0.517608106136322, -0.8001173734664917, -0.6381508708000183, -0.402707040309906, 0.6088832020759583, 0.10645893216133118, 0.3800888657569885, 0.22397632896900177]
0.02001575084616345;-25.42649269104004;[0.09749895334243774, -0.5959532856941223, -0.21732421219348907, 1.0462616682052612, -0.48296767473220825, -0.3132844865322113, 0.8324803709983826, 0.1717941015958786, 0.333646684885025, -0.743632972240448, 0.0785754844546318, 0.33179932832717896, -0.3290170431137085, 0.03041829541325569, 0.5178076028823853, -0.34952518343925476, 0.5170046091079712, -0.7995510697364807, -0.6366177201271057, -0.40283262729644775, 0.6070596575737, 0.10815206170082092, 0.37710705399513245, 0.22397223114967346]
0.019919344031322388;-25.404630661010742;[0.09835942089557648, -0.5939793586730957, -0.22075492143630981, 1.0461362600326538, -0.48235514760017395, -0.30975204706192017, 0.8311771154403687, 0.17172768712043762, 0.3336259722709656, -0.7427710890769958, 0.07531678676605225, 0.332113116979599, -0.3290802240371704, 0.029854288324713707, 0.5146450400352478, -0.34936970472335815, 0.5162885785102844, -0.7992928624153137, -0.6348581314086914, -0.4028034806251526, 0.6052390336990356, 0.10989701747894287, 0.3749939501285553, 0.22416295111179352]
0.019845123421647477;-25.382957458496094;[0.0994579941034317, -0.5921689867973328, -0.22365236282348633, 1.0459027290344238, -0.48172733187675476, -0.3061656653881073, 0.8298711180686951, 0.1717168092727661, 0.3336101472377777, -0.7418069839477539, 0.07196696847677231, 0.33246126770973206, -0.32916057109832764, 0.029391394928097725, 0.5110414624214172, -0.3492789566516876, 0.515830397605896, -0.7992478013038635, -0.6332983374595642, -0.402822345495224, 0.6038060188293457, 0.11170437186956406, 0.37311163544654846, 0.22421206533908844]
0.019742709976004445;-25.359079360961914;[0.10031828284263611, -0.5903078317642212, -0.22637704014778137, 1.0460892915725708, -0.48123350739479065, -0.3025743365287781, 0.8285356163978577, 0.1717696636915207, 0.33360862731933594, -0.7408227324485779, 0.06830112636089325, 0.33281630277633667, -0.32924947142601013, 0.0289615448564291, 0.5077937841415405, -0.34923145174980164, 0.515302836894989, -0.7991504073143005, -0.6314396262168884, -0.40283533930778503, 0.6020699739456177, 0.11336282640695572, 0.3713553547859192, 0.2245492786169052]
0.01963462396731717;-25.337369918823242;[0.1012718603014946, -0.5884831547737122, -0.2291526347398758, 1.045902132987976, -0.4805353581905365, -0.2990921437740326, 0.8272680640220642, 0.17162629961967468, 0.3336073160171509, -0.7400125861167908, 0.06487400084733963, 0.33318501710891724, -0.3293400704860687, 0.028421007096767426, 0.5045745372772217, -0.34911730885505676, 0.5146046876907349, -0.7990352511405945, -0.629713773727417, -0.40298470854759216, 0.6003784537315369, 0.115105539560318, 0.36954352259635925, 0.22471454739570618]
0.019572947955996206;-25.319313049316406;[0.10208863019943237, -0.5868143439292908, -0.2319762408733368, 1.0460275411605835, -0.4806089997291565, -0.29548898339271545, 0.8261972069740295, 0.1715058982372284, 0.33352091908454895, -0.7392666339874268, 0.06178710609674454, 0.331330806016922, -0.32938385009765625, 0.02739744447171688, 0.5004775524139404, -0.3493450880050659, 0.5146932601928711, -0.7989040613174438, -0.6282417178153992, -0.4029693305492401, 0.5989054441452026, 0.11701812595129013, 0.36798596382141113, 0.22455541789531708]
0.01945411954418617;-25.300975799560547;[0.10320990532636642, -0.5849499702453613, -0.23440195620059967, 1.0458412170410156, -0.4801001250743866, -0.29218506813049316, 0.8249223828315735, 0.17141513526439667, 0.33339089155197144, -0.7382179498672485, 0.05732857435941696, 0.3316183090209961, -0.32934626936912537, 0.026992687955498695, 0.49721959233283997, -0.3492906391620636, 0.5141171813011169, -0.7992814183235168, -0.6268200874328613, -0.4030803442001343, 0.5973329544067383, 0.11868629604578018, 0.36600086092948914, 0.22468137741088867]
0.019356384903552206;-25.278465270996094;[0.10415475815534592, -0.583024799823761, -0.236745223402977, 1.0458929538726807, -0.4797050654888153, -0.2888406217098236, 0.8239150643348694, 0.1715249866247177, 0.33330294489860535, -0.7371864318847656, 0.05289856344461441, 0.33193811774253845, -0.3293570280075073, 0.026496583595871925, 0.49378782510757446, -0.34915485978126526, 0.5137471556663513, -0.799608051776886, -0.625035285949707, -0.4031223654747009, 0.595676064491272, 0.12033119052648544, 0.36411789059638977, 0.22489957511425018]
0.019141231675680388;-25.242076873779297;[0.10536567866802216, -0.5820999145507812, -0.23873074352741241, 1.0456706285476685, -0.4785864055156708, -0.28516313433647156, 0.8221842646598816, 0.17151620984077454, 0.3332534730434418, -0.7355494499206543, 0.04713904485106468, 0.3321973979473114, -0.329410582780838, 0.024583473801612854, 0.489348828792572, -0.34904998540878296, 0.5125828981399536, -0.799813985824585, -0.6227246522903442, -0.4030839204788208, 0.5938223600387573, 0.12161232531070709, 0.36318060755729675, 0.22517326474189758]
0.018799308435216093;-25.189918518066406;[0.10687032341957092, -0.5825770497322083, -0.24023239314556122, 1.045289158821106, -0.4766221344470978, -0.2810063660144806, 0.8195005059242249, 0.17141146957874298, 0.3332151174545288, -0.7329866290092468, 0.03948720917105675, 0.33235448598861694, -0.3294820487499237, 0.02068518102169037, 0.48361343145370483, -0.34897544980049133, 0.510623037815094, -0.7992904782295227, -0.6193851232528687, -0.4032227694988251, 0.5916134715080261, 0.12231213599443436, 0.3635854125022888, 0.22561922669410706]
0.018454258462695466;-25.136423110961914;[0.10832420736551285, -0.5829675197601318, -0.24192743003368378, 1.0451018810272217, -0.47486013174057007, -0.2770428955554962, 0.8170186877250671, 0.17133226990699768, 0.33321496844291687, -0.73060142993927, 0.03199904039502144, 0.33251768350601196, -0.32959187030792236, 0.01665816828608513, 0.4780753254890442, -0.34895840287208557, 0.5086535811424255, -0.7982334494590759, -0.6160993576049805, -0.4032942056655884, 0.5892953276634216, 0.12307368963956833, 0.3638041019439697, 0.22623547911643982]
0.018139882996809784;-25.085914611816406;[0.10984953492879868, -0.5833717584609985, -0.2438749074935913, 1.0448129177093506, -0.47301530838012695, -0.273118257522583, 0.8144962787628174, 0.1713121384382248, 0.3331986367702484, -0.7282123565673828, 0.0246769730001688, 0.33268269896507263, -0.3296772539615631, 0.012581029906868935, 0.47277843952178955, -0.3488588333129883, 0.5067481994628906, -0.7971416115760803, -0.6129100322723389, -0.40335431694984436, 0.586976170539856, 0.12373244017362595, 0.36354008316993713, 0.2266697734594345]
0.017872285505105636;-25.03935432434082;[0.11132639646530151, -0.5839587450027466, -0.24578388035297394, 1.0445008277893066, -0.4714614450931549, -0.2690991163253784, 0.8122288584709167, 0.17113836109638214, 0.3331441879272461, -0.7260489463806152, 0.01753336563706398, 0.33287912607192993, -0.32974162697792053, 0.008322191424667835, 0.4673478305339813, -0.3487779200077057, 0.5050967335700989, -0.7962075471878052, -0.6099936962127686, -0.4033728837966919, 0.5847976207733154, 0.12440691888332367, 0.36315014958381653, 0.22693483531475067]
0.017641433222199934;-24.998395919799805;[0.11249906569719315, -0.5849196910858154, -0.2473798245191574, 1.044334888458252, -0.4706443250179291, -0.2657108008861542, 0.810190737247467, 0.17102661728858948, 0.3331053555011749, -0.7244110703468323, 0.010765600949525833, 0.3308415412902832, -0.3298497200012207, 0.0038847154937684536, 0.4614866077899933, -0.348993182182312, 0.5043666362762451, -0.7956269979476929, -0.6071861386299133, -0.4036720395088196, 0.5828834176063538, 0.12497247010469437, 0.3624761998653412, 0.2271336168050766]
0.017439266827619128;-24.955276489257812;[0.11337152868509293, -0.5864962339401245, -0.2492261677980423, 1.0439739227294922, -0.47012344002723694, -0.2623613476753235, 0.80722975730896, 0.1707610934972763, 0.3330056965351105, -0.7232436537742615, 0.004027439281344414, 0.33108747005462646, -0.3298681974411011, 0.0008302843780256808, 0.45557767152786255, -0.348985493183136, 0.5036925077438354, -0.7955974340438843, -0.6035603284835815, -0.4036514163017273, 0.5813127756118774, 0.12551924586296082, 0.36235326528549194, 0.22793708741664886]
0.017208335655546837;-24.912155151367188;[0.1144169270992279, -0.587952733039856, -0.25106772780418396, 1.0437161922454834, -0.46926969289779663, -0.25910574197769165, 0.8043904900550842, 0.17087188363075256, 0.33297353982925415, -0.7219435572624207, -0.0028469606768339872, 0.3313449025154114, -0.3299456536769867, -0.0022343399468809366, 0.4501557946205139, -0.34884151816368103, 0.5028892755508423, -0.7953780293464661, -0.6000600457191467, -0.4037003815174103, 0.5796445608139038, 0.12605997920036316, 0.3620566725730896, 0.2287973314523697]
0.01699626015243084;-24.871986389160156;[0.11540950834751129, -0.5891947150230408, -0.2527666389942169, 1.0431649684906006, -0.46839839220046997, -0.25571444630622864, 0.8017497658729553, 0.17086267471313477, 0.33294677734375, -0.7206610441207886, -0.009488954208791256, 0.3316206932067871, -0.33002686500549316, -0.005209294147789478, 0.4445744454860687, -0.3488178849220276, 0.5020037293434143, -0.794945478439331, -0.5966895818710327, -0.40376654267311096, 0.577990710735321, 0.12657493352890015, 0.3617551028728485, 0.2296256273984909]
0.01682240859950994;-24.836711883544922;[0.11662149429321289, -0.5900148153305054, -0.25419002771377563, 1.042779803276062, -0.46774765849113464, -0.2526642680168152, 0.799558699131012, 0.17071209847927094, 0.332946240901947, -0.7188663482666016, -0.014932737685739994, 0.33196815848350525, -0.33006876707077026, -0.007317977026104927, 0.4394022822380066, -0.3487694263458252, 0.5014944672584534, -0.7946567535400391, -0.5940210223197937, -0.40380463004112244, 0.5760979652404785, 0.12787799537181854, 0.3614303767681122, 0.23023949563503265]
0.016654798462022207;-24.800777435302734;[0.11788991838693619, -0.5898910760879517, -0.25567054748535156, 1.0423483848571777, -0.4672934412956238, -0.24977268278598785, 0.7969249486923218, 0.17059838771820068, 0.333029180765152, -0.7170326113700867, -0.01944870315492153, 0.33232399821281433, -0.33007922768592834, -0.008990774862468243, 0.4345390200614929, -0.3485870659351349, 0.5009294748306274, -0.7946202754974365, -0.5905573964118958, -0.4039660096168518, 0.5741065144538879, 0.12913013994693756, 0.361093670129776, 0.23089396953582764]
0.01651412744822089;-24.76736068725586;[0.11920871585607529, -0.5897191762924194, -0.2571113705635071, 1.0421690940856934, -0.4670446217060089, -0.24716953933238983, 0.7943081259727478, 0.17081530392169952, 0.333111971616745, -0.7152881026268005, -0.023335594683885574, 0.3327329158782959, -0.3301021456718445, -0.010876186192035675, 0.4298996031284332, -0.348445862531662, 0.5005724430084229, -0.7944260835647583, -0.5874298214912415, -0.4034731090068817, 0.5722985863685608, 0.13048997521400452, 0.36080169677734375, 0.23148900270462036]
0.016252849467962058;-24.739171981811523;[0.12094540148973465, -0.5898635387420654, -0.2589765191078186, 1.0422509908676147, -0.46708106994628906, -0.2445388287305832, 0.7920377254486084, 0.1709577441215515, 0.3332267105579376, -0.7140280604362488, -0.02746146358549595, 0.3307049870491028, -0.3301655054092407, -0.013175351545214653, 0.4261722266674042, -0.3455233573913574, 0.5006781816482544, -0.7947255373001099, -0.5848245620727539, -0.4028814136981964, 0.5701310634613037, 0.1321173757314682, 0.36106014251708984, 0.23113349080085754]
0.016208306929955424;-24.708072662353516;[0.12252003699541092, -0.5888890027999878, -0.2600695788860321, 1.0421783924102783, -0.4671652019023895, -0.24286048114299774, 0.7903533577919006, 0.17150437831878662, 0.3333357572555542, -0.7123878002166748, -0.030123287811875343, 0.3310129642486572, -0.3301749527454376, -0.01575595699250698, 0.422060489654541, -0.34562110900878906, 0.5007434487342834, -0.7947014570236206, -0.5827013254165649, -0.4024280607700348, 0.5681543350219727, 0.1335349828004837, 0.3608241081237793, 0.2313033789396286]
0.016099623631116132;-24.680057525634766;[0.12447740882635117, -0.5879362225532532, -0.2610236704349518, 1.0420292615890503, -0.4672981798648834, -0.2412334680557251, 0.7887728214263916, 0.17162609100341797, 0.33343306183815, -0.7104749083518982, -0.032742999494075775, 0.33131352066993713, -0.3301737606525421, -0.01872779242694378, 0.41863879561424255, -0.3457425832748413, 0.501122772693634, -0.7948134541511536, -0.5807952284812927, -0.40189051628112793, 0.5660815834999084, 0.13460876047611237, 0.3602669835090637, 0.2316705733537674]
0.016045514450848578;-24.645246505737305;[0.12655895948410034, -0.5867775678634644, -0.2618946433067322, 1.0414503812789917, -0.4679087996482849, -0.2393692135810852, 0.787663996219635, 0.17240071296691895, 0.33355259895324707, -0.7086583971977234, -0.0352308563888073, 0.33166947960853577, -0.33019477128982544, -0.021621685475111008, 0.4152776002883911, -0.3458546996116638, 0.5016500949859619, -0.7950807809829712, -0.5790262222290039, -0.4018445312976837, 0.5637117624282837, 0.13577526807785034, 0.3599708676338196, 0.23229725658893585]
0.01595767724233905;-24.61388397216797;[0.12854424118995667, -0.5855956077575684, -0.2625257074832916, 1.0412542819976807, -0.46852993965148926, -0.2377534955739975, 0.7860504388809204, 0.17259997129440308, 0.3336629569530487, -0.7064924836158752, -0.03767313063144684, 0.3320285975933075, -0.33020755648612976, -0.024301204830408096, 0.41212138533592224, -0.3459506928920746, 0.5022872686386108, -0.7954263091087341, -0.5772222280502319, -0.4015289843082428, 0.561337411403656, 0.1365675926208496, 0.3594270348548889, 0.2329626828432083]
0.015847125420706976;-24.585180282592773;[0.1305493861436844, -0.5849733948707581, -0.2633286416530609, 1.0408976078033447, -0.469182550907135, -0.23616549372673035, 0.7848471403121948, 0.17268824577331543, 0.3337399661540985, -0.704653263092041, -0.03991003707051277, 0.3324587643146515, -0.33018016815185547, -0.026893435046076775, 0.409045547246933, -0.34606942534446716, 0.503026008605957, -0.7959144711494446, -0.5754675269126892, -0.40081581473350525, 0.5591180324554443, 0.13750715553760529, 0.359237939119339, 0.23364795744419098]
0.015766171937719536;-24.560863494873047;[0.1325628012418747, -0.5853116512298584, -0.2638126611709595, 1.0406309366226196, -0.4697704017162323, -0.23498477041721344, 0.7838920950889587, 0.1731543093919754, 0.3336922824382782, -0.7027415633201599, -0.04120279848575592, 0.3328770697116852, -0.33007293939590454, -0.028722576797008514, 0.40616101026535034, -0.34618881344795227, 0.5035183429718018, -0.7963374853134155, -0.5742186307907104, -0.4011977016925812, 0.556647777557373, 0.1380643993616104, 0.3595815598964691, 0.2343243807554245]
0.01572801287020661;-24.535226821899414;[0.13433316349983215, -0.5857057571411133, -0.2641761898994446, 1.0402960777282715, -0.4705179035663605, -0.23366156220436096, 0.7827937006950378, 0.17318890988826752, 0.33373185992240906, -0.700648844242096, -0.04245985671877861, 0.3333156108856201, -0.3300342857837677, -0.03016822226345539, 0.40356409549713135, -0.34634900093078613, 0.5042985677719116, -0.7968111038208008, -0.5726242065429688, -0.4008173942565918, 0.5539877414703369, 0.13832801580429077, 0.3599463403224945, 0.23487605154514313]
0.015690127160527628;-24.513233184814453;[0.13617801666259766, -0.5860990881919861, -0.2644304931163788, 1.0397945642471313, -0.4711002707481384, -0.2323945164680481, 0.7818688154220581, 0.17358873784542084, 0.3337589502334595, -0.6987084746360779, -0.043328315019607544, 0.3338090479373932, -0.32998621463775635, -0.031486302614212036, 0.40070146322250366, -0.3464409112930298, 0.5050542950630188, -0.797111988067627, -0.5714741349220276, -0.40092048048973083, 0.5514435768127441, 0.1387517899274826, 0.36047816276550293, 0.23556746542453766]
0.015452953347918342;-24.493576049804688;[0.1382671296596527, -0.5869627594947815, -0.26525261998176575, 1.0395153760910034, -0.47182148694992065, -0.2312573492527008, 0.7809619307518005, 0.17378556728363037, 0.33384671807289124, -0.6971550583839417, -0.04477861896157265, 0.33243176341056824, -0.3299977481365204, -0.033304013311862946, 0.3986329734325409, -0.34471097588539124, 0.5058586597442627, -0.797798216342926, -0.5699990391731262, -0.4003673195838928, 0.5488843321800232, 0.13945770263671875, 0.36110058426856995, 0.2360624372959137]
0.01546842638453929;-24.46890640258789;[0.1399955004453659, -0.5875564813613892, -0.2656552195549011, 1.0393548011779785, -0.473131000995636, -0.2299513965845108, 0.7800513505935669, 0.17373374104499817, 0.33388200402259827, -0.6952491402626038, -0.04576326534152031, 0.33219268918037415, -0.3299875259399414, -0.0349111445248127, 0.39591944217681885, -0.3441125452518463, 0.5071922540664673, -0.798231840133667, -0.5689336061477661, -0.4004649519920349, 0.546396017074585, 0.13988955318927765, 0.3616960644721985, 0.23628748953342438]
0.015404574308795244;-24.44474983215332;[0.1419011354446411, -0.5880805850028992, -0.2659603953361511, 1.0392037630081177, -0.4738369286060333, -0.22886762022972107, 0.7789627909660339, 0.17369486391544342, 0.3339618444442749, -0.6931647658348083, -0.04676472768187523, 0.33255553245544434, -0.33000314235687256, -0.036263126879930496, 0.3933786451816559, -0.34419289231300354, 0.5079448223114014, -0.7988489270210266, -0.5675671100616455, -0.4003961980342865, 0.5439279675483704, 0.1401485949754715, 0.3620752990245819, 0.23685666918754578]
0.015354999226285124;-24.42379379272461;[0.1438920497894287, -0.588575541973114, -0.26632940769195557, 1.0386296510696411, -0.4744955003261566, -0.22769951820373535, 0.7782004475593567, 0.1741228997707367, 0.33405300974845886, -0.6913561224937439, -0.047627344727516174, 0.332934707403183, -0.33002257347106934, -0.03755238279700279, 0.390826016664505, -0.3442751169204712, 0.5085374116897583, -0.7991435527801514, -0.5664613842964172, -0.4004861116409302, 0.5414471626281738, 0.14070771634578705, 0.36266544461250305, 0.23752222955226898]
0.015316706892196141;-24.40323829650879;[0.14546702802181244, -0.5892685055732727, -0.26651543378829956, 1.0385733842849731, -0.4751100242137909, -0.22615815699100494, 0.7769123315811157, 0.17393800616264343, 0.33412081003189087, -0.6894948482513428, -0.04863232746720314, 0.33330824971199036, -0.3300410807132721, -0.03859812021255493, 0.38876575231552124, -0.34434375166893005, 0.5091553926467896, -0.7995594143867493, -0.5649175047874451, -0.40020281076431274, 0.538840651512146, 0.1411614865064621, 0.36263442039489746, 0.2379794418811798]
0.015284104499174257;-24.38024139404297;[0.1473335325717926, -0.5897932052612305, -0.26667413115501404, 1.0382263660430908, -0.47544607520103455, -0.22462098300457, 0.7757149338722229, 0.173972487449646, 0.3341684937477112, -0.6876654028892517, -0.04951492324471474, 0.3336968421936035, -0.3300490081310272, -0.0396328866481781, 0.386580228805542, -0.3443860709667206, 0.5097058415412903, -0.7997749447822571, -0.5633888244628906, -0.40032821893692017, 0.536516010761261, 0.1418159306049347, 0.3624139130115509, 0.23832012712955475]
0.01527715628519207;-24.35869026184082;[0.14895962178707123, -0.5904867649078369, -0.2668863534927368, 1.0381351709365845, -0.47606155276298523, -0.22309856116771698, 0.7742146253585815, 0.17393334209918976, 0.3342286944389343, -0.6857938766479492, -0.05055929347872734, 0.33408835530281067, -0.3300638794898987, -0.04058828204870224, 0.38467657566070557, -0.34447816014289856, 0.5103459358215332, -0.8002012968063354, -0.5616272687911987, -0.40003859996795654, 0.5340093970298767, 0.14228059351444244, 0.36221325397491455, 0.23865213990211487]
0.015295349089276197;-24.338848114013672;[0.15061773359775543, -0.5905104279518127, -0.26679500937461853, 1.038074254989624, -0.47650548815727234, -0.22191686928272247, 0.7724927663803101, 0.17418891191482544, 0.3342116177082062, -0.6843639016151428, -0.05031433701515198, 0.3342808485031128, -0.33023157715797424, -0.0419217124581337, 0.3822382092475891, -0.34461432695388794, 0.5108328461647034, -0.800331711769104, -0.5595088005065918, -0.40018749237060547, 0.531561553478241, 0.14277127385139465, 0.3617390990257263, 0.23887766897678375]
0.015269668979352169;-24.2989444732666;[0.15258857607841492, -0.590415358543396, -0.2667474150657654, 1.0382847785949707, -0.4765104651451111, -0.21994666755199432, 0.7702458500862122, 0.1746472269296646, 0.3336721360683441, -0.6822206377983093, -0.04850275069475174, 0.3341529369354248, -0.33020004630088806, -0.04344136640429497, 0.3797794282436371, -0.3451673686504364, 0.5108669400215149, -0.8002490997314453, -0.5577497482299805, -0.39982128143310547, 0.5278666019439697, 0.144135519862175, 0.3613359332084656, 0.23893098533153534]
0.015265367177318509;-24.258323669433594;[0.15474168956279755, -0.5904660820960999, -0.2667043209075928, 1.0382294654846191, -0.4763967990875244, -0.21781539916992188, 0.7677510380744934, 0.17479436099529266, 0.33343684673309326, -0.6798988580703735, -0.0467538945376873, 0.3339887857437134, -0.33046188950538635, -0.04483046010136604, 0.377393901348114, -0.34576383233070374, 0.5108895301818848, -0.7999671101570129, -0.5559418201446533, -0.3991908133029938, 0.5242241024971008, 0.1453823745250702, 0.36071714758872986, 0.23884132504463196]
0.015235031200921517;-24.220869064331055;[0.15695405006408691, -0.5904057621955872, -0.26659077405929565, 1.0383518934249878, -0.47612592577934265, -0.21599996089935303, 0.7653230428695679, 0.1753457486629486, 0.33307111263275146, -0.6775233149528503, -0.044817954301834106, 0.3338319659233093, -0.3306067883968353, -0.046409882605075836, 0.37471145391464233, -0.34635040163993835, 0.5106425881385803, -0.7998867630958557, -0.5539705157279968, -0.39919155836105347, 0.5205925107002258, 0.146663099527359, 0.3600873351097107, 0.2388446033000946]
0.0152194192232621;-24.185604095458984;[0.159030020236969, -0.5902205109596252, -0.2669152319431305, 1.0383518934249878, -0.47602859139442444, -0.21416352689266205, 0.7628312110900879, 0.17547225952148438, 0.3326863944530487, -0.674950897693634, -0.04320021718740463, 0.33364394307136536, -0.33071327209472656, -0.04788797348737717, 0.3723313808441162, -0.34707003831863403, 0.5104637742042542, -0.7995578646659851, -0.551994264125824, -0.3985290229320526, 0.5167438387870789, 0.14773406088352203, 0.35961994528770447, 0.2387714982032776]
0.015128968715974968;-24.147117614746094;[0.16150927543640137, -0.5906683802604675, -0.2680116593837738, 1.0387319326400757, -0.47660499811172485, -0.2125881463289261, 0.7609832286834717, 0.17622511088848114, 0.3324633538722992, -0.672583818435669, -0.041367411613464355, 0.33104825019836426, -0.33102983236312866, -0.04969971626996994, 0.3700173795223236, -0.3450153172016144, 0.5111421346664429, -0.799778401851654, -0.5502794981002808, -0.3982412815093994, 0.5133187770843506, 0.14935293793678284, 0.35892874002456665, 0.23815353214740753]
0.01514995076436717;-24.112632751464844;[0.16367948055267334, -0.5904750823974609, -0.2687586545944214, 1.0388544797897339, -0.47668832540512085, -0.21146249771118164, 0.7593280673027039, 0.17674089968204498, 0.3319889307022095, -0.6696243286132812, -0.03946886584162712, 0.3309660851955414, -0.3310514986515045, -0.050852421671152115, 0.3677063584327698, -0.34553229808807373, 0.5113317966461182, -0.7996993064880371, -0.5492925643920898, -0.3979867696762085, 0.5093903541564941, 0.15054871141910553, 0.3575373888015747, 0.23813334107398987]
0.015203637845619272;-24.075288772583008;[0.16593633592128754, -0.5904046893119812, -0.26948586106300354, 1.0388299226760864, -0.47697165608406067, -0.21024243533611298, 0.7575647830963135, 0.17697925865650177, 0.331744909286499, -0.6666298508644104, -0.0374738983809948, 0.3308916687965393, -0.3312508165836334, -0.05176789313554764, 0.3653322756290436, -0.3460705280303955, 0.5116742849349976, -0.7995553612709045, -0.5478361248970032, -0.3973096013069153, 0.5056445002555847, 0.15160222351551056, 0.35605520009994507, 0.2379959523677826]
0.015248400728044405;-24.0397891998291;[0.16835710406303406, -0.5903063416481018, -0.27029702067375183, 1.038824439048767, -0.47706425189971924, -0.20927776396274567, 0.7559874057769775, 0.17754922807216644, 0.33149051666259766, -0.6635756492614746, -0.03542718291282654, 0.3308335542678833, -0.3314075171947479, -0.05286790430545807, 0.36275026202201843, -0.3466193974018097, 0.5118665099143982, -0.7995007634162903, -0.5467065572738647, -0.39719316363334656, 0.5020125508308411, 0.1526888906955719, 0.3545084297657013, 0.2378832995891571]
0.015283767003834929;-24.000642776489258;[0.17045170068740845, -0.5901452302932739, -0.27105602622032166, 1.038878321647644, -0.4772394597530365, -0.2081383913755417, 0.7541700005531311, 0.17774717509746552, 0.3313402533531189, -0.6604776978492737, -0.033768732100725174, 0.3307594656944275, -0.3315691351890564, -0.05381406098604202, 0.3603901267051697, -0.3471949100494385, 0.5120940804481506, -0.7993267178535461, -0.5456511974334717, -0.3966420590877533, 0.49809423089027405, 0.15351146459579468, 0.3532262146472931, 0.23793557286262512]
0.015374622658927927;-23.96739387512207;[0.1727542132139206, -0.5902231931686401, -0.2719375193119049, 1.0389704704284668, -0.4777228832244873, -0.2070411741733551, 0.7525249719619751, 0.17810124158859253, 0.3311759829521179, -0.6574320197105408, -0.03185926377773285, 0.33075082302093506, -0.33166399598121643, -0.05478070303797722, 0.3577021062374115, -0.3477874994277954, 0.5125951766967773, -0.7994369268417358, -0.5444183349609375, -0.39622625708580017, 0.49461016058921814, 0.15436013042926788, 0.3518233597278595, 0.23774494230747223]
0.015404841769306505;-23.933855056762695;[0.17493686079978943, -0.5903869271278381, -0.2726818919181824, 1.0390675067901611, -0.47795629501342773, -0.2063266783952713, 0.750961422920227, 0.17839880287647247, 0.3310846984386444, -0.6541756391525269, -0.030385952442884445, 0.33072564005851746, -0.3317463994026184, -0.05576644837856293, 0.355241984128952, -0.3481290936470032, 0.5128543376922607, -0.7996041774749756, -0.5435447692871094, -0.3960534930229187, 0.4909931421279907, 0.15515202283859253, 0.35087883472442627, 0.23775263130664825]
0.015444235129379105;-23.906749725341797;[0.17719437181949615, -0.5908040404319763, -0.2734318673610687, 1.0391374826431274, -0.4783366024494171, -0.20565304160118103, 0.7495298385620117, 0.1787218600511551, 0.33099740743637085, -0.6507710814476013, -0.02900432050228119, 0.330674946308136, -0.3318064212799072, -0.05663543567061424, 0.3528852164745331, -0.3480827510356903, 0.5133031606674194, -0.7995254397392273, -0.5429575443267822, -0.39591649174690247, 0.48751479387283325, 0.15599334239959717, 0.34998735785484314, 0.2377174347639084]
0.015483043970533888;-23.876222610473633;[0.17944936454296112, -0.5914272665977478, -0.2743031084537506, 1.0392508506774902, -0.4787762463092804, -0.20490369200706482, 0.7479904294013977, 0.17880497872829437, 0.3308887183666229, -0.647352933883667, -0.027720168232917786, 0.33062508702278137, -0.3318362236022949, -0.05748164653778076, 0.35061007738113403, -0.34809523820877075, 0.5138561129570007, -0.7996628880500793, -0.5421047210693359, -0.3954775929450989, 0.4840567409992218, 0.15683022141456604, 0.3491010367870331, 0.23759035766124725]
0.015540865402425438;-23.85370635986328;[0.1816721260547638, -0.5921737551689148, -0.27523502707481384, 1.0393866300582886, -0.4793468415737152, -0.20402120053768158, 0.7463303804397583, 0.1787872165441513, 0.3307368755340576, -0.6439799070358276, -0.02650761418044567, 0.33057111501693726, -0.331817090511322, -0.058347828686237335, 0.34832802414894104, -0.34811773896217346, 0.5145502686500549, -0.7997131943702698, -0.5410159230232239, -0.39484062790870667, 0.48058876395225525, 0.15766873955726624, 0.34831422567367554, 0.23739546537399292]
0.01558805994668464;-23.819293975830078;[0.18383899331092834, -0.5925968289375305, -0.27598699927330017, 1.039302110671997, -0.4797109067440033, -0.20339851081371307, 0.7447996735572815, 0.17886584997177124, 0.3306970000267029, -0.6405381560325623, -0.02510066144168377, 0.330495685338974, -0.33190348744392395, -0.059235312044620514, 0.34582194685935974, -0.3480462431907654, 0.5149259567260742, -0.7996882796287537, -0.5401400327682495, -0.3945029377937317, 0.47695761919021606, 0.15849941968917847, 0.3474866449832916, 0.23729315400123596]
0.015621321830802412;-23.787996292114258;[0.1858098804950714, -0.5935304164886475, -0.2767621874809265, 1.0396753549575806, -0.4790433347225189, -0.20246464014053345, 0.7438411712646484, 0.1793842315673828, 0.3306058943271637, -0.6372073888778687, -0.02318199910223484, 0.3305682837963104, -0.33196619153022766, -0.0596189983189106, 0.34322836995124817, -0.3480049669742584, 0.5143390893936157, -0.8001777529716492, -0.5395691990852356, -0.3944140672683716, 0.47357505559921265, 0.15957458317279816, 0.3462063670158386, 0.23658660054206848]
0.01563813493678137;-23.753496170043945;[0.18794187903404236, -0.595362663269043, -0.2776091992855072, 1.0400782823562622, -0.47849327325820923, -0.20176345109939575, 0.7430703043937683, 0.18005159497261047, 0.3304952085018158, -0.6338236927986145, -0.020831367000937462, 0.3306334316730499, -0.3320050835609436, -0.05914892628788948, 0.3410901427268982, -0.3479762375354767, 0.5138170719146729, -0.800793468952179, -0.5387783646583557, -0.39390358328819275, 0.4698750078678131, 0.1606774777173996, 0.343655526638031, 0.23607295751571655]
0.01568111717496933;-23.721294403076172;[0.1901126503944397, -0.5971479415893555, -0.27844417095184326, 1.0402284860610962, -0.47796112298965454, -0.20110899209976196, 0.7423201203346252, 0.18057982623577118, 0.33038651943206787, -0.6303195357322693, -0.01842447556555271, 0.3306974768638611, -0.33204126358032227, -0.05864650011062622, 0.3389069736003876, -0.3479427993297577, 0.513249397277832, -0.8014216423034668, -0.5382362008094788, -0.39341115951538086, 0.4661821722984314, 0.16174302995204926, 0.3409322202205658, 0.23540641367435455]
0.015717490004724447;-23.695322036743164;[0.19214323163032532, -0.5993226766586304, -0.2794099450111389, 1.0406253337860107, -0.4773539900779724, -0.2002130150794983, 0.7414999008178711, 0.18069340288639069, 0.33019500970840454, -0.6268816590309143, -0.016117142513394356, 0.3308109641075134, -0.3319951593875885, -0.05801929533481598, 0.33688241243362427, -0.3479169011116028, 0.512691855430603, -0.8017118573188782, -0.5370834469795227, -0.3925841450691223, 0.462566077709198, 0.16275721788406372, 0.3383133113384247, 0.23456233739852905]
0.015751003187595605;-23.66120147705078;[0.19411809742450714, -0.6017704010009766, -0.2806110382080078, 1.0412689447402954, -0.4765125811100006, -0.19942282140254974, 0.7410297393798828, 0.181667298078537, 0.3300687074661255, -0.6237677931785583, -0.01366865448653698, 0.33098241686820984, -0.3320218324661255, -0.057691220194101334, 0.3347957730293274, -0.347866415977478, 0.5118618011474609, -0.8006085157394409, -0.535908043384552, -0.39255258440971375, 0.4588451087474823, 0.16392779350280762, 0.33607733249664307, 0.23412714898586273]
0.015780909276715868;-23.6258602142334;[0.19609834253787994, -0.6043847799301147, -0.2818264067173004, 1.0415394306182861, -0.47556576132774353, -0.19827666878700256, 0.7402819395065308, 0.18175972998142242, 0.330000102519989, -0.6204943656921387, -0.011508037336170673, 0.3311242163181305, -0.33209359645843506, -0.05716796591877937, 0.33302783966064453, -0.3478163778781891, 0.5109636187553406, -0.7995038032531738, -0.5347931385040283, -0.3919112980365753, 0.4551543593406677, 0.1649312973022461, 0.3337838649749756, 0.2333776205778122]
0.015812474810833695;-23.59881591796875;[0.1980295181274414, -0.6070661544799805, -0.28312256932258606, 1.0420801639556885, -0.4748314917087555, -0.1971854716539383, 0.7395796775817871, 0.1819101721048355, 0.32982978224754333, -0.6171941757202148, -0.009366966784000397, 0.3312886655330658, -0.3320654332637787, -0.0566948726773262, 0.33125993609428406, -0.34778544306755066, 0.5101232528686523, -0.7985953688621521, -0.5338250398635864, -0.3912961781024933, 0.4513898491859436, 0.16598579287528992, 0.33142492175102234, 0.23266302049160004]
0.01590443229192711;-23.5637264251709;[0.2001582682132721, -0.6096359491348267, -0.28432661294937134, 1.0423234701156616, -0.47409796714782715, -0.19619692862033844, 0.7389978766441345, 0.18223024904727936, 0.3297377824783325, -0.6138865351676941, -0.006771952845156193, 0.33149203658103943, -0.3321208655834198, -0.056265782564878464, 0.3290407061576843, -0.34769484400749207, 0.509346067905426, -0.797427237033844, -0.5326145887374878, -0.3909311294555664, 0.44785159826278687, 0.16711747646331787, 0.3288922607898712, 0.2317405492067337]
0.015951593251033864;-23.52338981628418;[0.20245787501335144, -0.612000584602356, -0.28568753600120544, 1.0429084300994873, -0.47321775555610657, -0.19537554681301117, 0.7386497855186462, 0.18262580037117004, 0.3296791911125183, -0.610795795917511, -0.003983251750469208, 0.33174118399620056, -0.3322117328643799, -0.05601776763796806, 0.32665136456489563, -0.34761515259742737, 0.5086707472801208, -0.7964104413986206, -0.5315979719161987, -0.390638142824173, 0.44453343749046326, 0.1684970110654831, 0.32648056745529175, 0.23089592158794403]
0.015967824527201885;-23.497827529907227;[0.20489931106567383, -0.6125003695487976, -0.2866556942462921, 1.0430940389633179, -0.4727145731449127, -0.19441142678260803, 0.73844313621521, 0.1828492432832718, 0.32958611845970154, -0.608239471912384, -0.001602968550287187, 0.3320063352584839, -0.33224040269851685, -0.05560358241200447, 0.32443130016326904, -0.34760892391204834, 0.50819993019104, -0.7948484420776367, -0.5311991572380066, -0.38992738723754883, 0.4414731562137604, 0.17002902925014496, 0.32451868057250977, 0.230354443192482]
0.016060268477426067;-23.475645065307617;[0.2070457935333252, -0.6120842099189758, -0.28717339038848877, 1.0433868169784546, -0.47202837467193604, -0.1937718540430069, 0.7388345003128052, 0.18362994492053986, 0.3294418454170227, -0.6060320734977722, 0.0006397368852049112, 0.3324849009513855, -0.33224061131477356, -0.055315397679805756, 0.3218947947025299, -0.3475148379802704, 0.5074982643127441, -0.7929770946502686, -0.5304043292999268, -0.3899805545806885, 0.43849238753318787, 0.17187409102916718, 0.3227088749408722, 0.2295670062303543]
0.01601582304332308;-23.450815200805664;[0.20905162394046783, -0.6119363903999329, -0.2878744900226593, 1.0439702272415161, -0.471444308757782, -0.19252550601959229, 0.7390074729919434, 0.18384945392608643, 0.3294053375720978, -0.6037837266921997, 0.0016313402447849512, 0.33292636275291443, -0.33231329917907715, -0.05537505820393562, 0.3200121521949768, -0.34741443395614624, 0.5068908333778381, -0.7913560271263123, -0.5302108526229858, -0.3889097571372986, 0.43595582246780396, 0.1736697107553482, 0.32045745849609375, 0.22922371327877045]
0.01587897464999185;-23.444942474365234;[0.2108382135629654, -0.6128376126289368, -0.28900769352912903, 1.0443096160888672, -0.4707821011543274, -0.19246502220630646, 0.7397596836090088, 0.18480384349822998, 0.3292507827281952, -0.6019703149795532, 0.0029121998231858015, 0.3303554058074951, -0.33229944109916687, -0.05629649758338928, 0.3181198537349701, -0.34476885199546814, 0.5061196088790894, -0.7900862693786621, -0.5293106436729431, -0.3889175355434418, 0.43349307775497437, 0.17595736682415009, 0.3189180791378021, 0.22800688445568085]
0.01590652132279611;-23.42327308654785;[0.21244584023952484, -0.6122363209724426, -0.2890850007534027, 1.0445380210876465, -0.47011426091194153, -0.19172461330890656, 0.7398020625114441, 0.18540866672992706, 0.32921695709228516, -0.5995998978614807, 0.00405564159154892, 0.33063310384750366, -0.33235737681388855, -0.05696354806423187, 0.31594300270080566, -0.34509751200675964, 0.5056629776954651, -0.7886290550231934, -0.5285376906394958, -0.3883761167526245, 0.4313180148601532, 0.17798228561878204, 0.3166903853416443, 0.22771206498146057]
0.015890177554923824;-23.40481948852539;[0.2142641544342041, -0.6121060848236084, -0.28799477219581604, 1.0448713302612305, -0.4697391986846924, -0.19093628227710724, 0.7395099401473999, 0.18532927334308624, 0.329176127910614, -0.596822202205658, 0.004656176082789898, 0.3309110701084137, -0.3324006199836731, -0.057839058339595795, 0.3141012191772461, -0.3454865515232086, 0.5052952766418457, -0.7881375551223755, -0.5278272032737732, -0.3873944580554962, 0.42932024598121643, 0.17989861965179443, 0.31589797139167786, 0.22722072899341583]
0.015947411625664678;-23.388410568237305;[0.2159176617860794, -0.6114922165870667, -0.2869667112827301, 1.0450611114501953, -0.4692772328853607, -0.19059260189533234, 0.7393580675125122, 0.18589623272418976, 0.32910972833633423, -0.5941422581672668, 0.0056326743215322495, 0.3312418460845947, -0.33242297172546387, -0.0590224489569664, 0.3118402361869812, -0.3458060324192047, 0.5047928690910339, -0.7869287729263306, -0.5268709659576416, -0.3871922791004181, 0.42728346586227417, 0.18203891813755035, 0.3147702217102051, 0.22674265503883362]
0.015988744502802472;-23.370529174804688;[0.2175903171300888, -0.6109456419944763, -0.2859947085380554, 1.0452786684036255, -0.46894314885139465, -0.18993519246578217, 0.739255964756012, 0.1865607053041458, 0.3290596902370453, -0.5916240215301514, 0.006336547434329987, 0.3315737843513489, -0.3324577808380127, -0.060165971517562866, 0.3096240162849426, -0.3461705446243286, 0.5044638514518738, -0.7860011458396912, -0.5258815288543701, -0.3866193890571594, 0.425222784280777, 0.18413637578487396, 0.31376245617866516, 0.22641034424304962]
0.016017715331461856;-23.357097625732422;[0.21934321522712708, -0.6103951334953308, -0.28497499227523804, 1.0454225540161133, -0.4684135317802429, -0.18919628858566284, 0.7391500473022461, 0.18727590143680573, 0.3289729356765747, -0.5891136527061462, 0.007084029261022806, 0.33191749453544617, -0.33245617151260376, -0.06122257560491562, 0.3073132336139679, -0.34656256437301636, 0.5040919780731201, -0.7851248383522034, -0.5247672200202942, -0.38600653409957886, 0.4232295751571655, 0.18619099259376526, 0.31282752752304077, 0.2260390669107437]
0.016070226309684358;-23.33318519592285;[0.22101810574531555, -0.6098990440368652, -0.28389298915863037, 1.0456864833831787, -0.4681185483932495, -0.18845465779304504, 0.7389706969261169, 0.18803921341896057, 0.3289763927459717, -0.5865089893341064, 0.007845132611691952, 0.3322792947292328, -0.33254000544548035, -0.06231424957513809, 0.30510279536247253, -0.34696507453918457, 0.5037401914596558, -0.7841768860816956, -0.5237872004508972, -0.38534900546073914, 0.4211848974227905, 0.1882806420326233, 0.31184038519859314, 0.2257271111011505]
0.016011836435144797;-23.32448387145996;[0.22294682264328003, -0.6098217368125916, -0.28287482261657715, 1.0464237928390503, -0.46774178743362427, -0.18763679265975952, 0.7386858463287354, 0.18812383711338043, 0.3289324641227722, -0.5836359858512878, 0.008498688228428364, 0.3326225280761719, -0.33257821202278137, -0.06324494630098343, 0.30314958095550537, -0.3473656177520752, 0.5033032298088074, -0.7838451266288757, -0.5232396125793457, -0.38431262969970703, 0.41926127672195435, 0.19027568399906158, 0.31089434027671814, 0.22539108991622925]
0.01603591405308045;-23.304229736328125;[0.2242686152458191, -0.6099585294723511, -0.2828892767429352, 1.0464109182357788, -0.46739718317985535, -0.18664900958538055, 0.7385009527206421, 0.1885213404893875, 0.32887452840805054, -0.5811303853988647, 0.0085163414478302, 0.3330240845680237, -0.33257243037223816, -0.06380284577608109, 0.30089348554611206, -0.34727853536605835, 0.5030571818351746, -0.7829113602638245, -0.5227295756340027, -0.3843543827533722, 0.4175289273262024, 0.1920912265777588, 0.31108617782592773, 0.22520531713962555]
