0.09203561008208343;0.0810508206486702;[-0.7720291237659904, -0.15233827724798044, 0.21053571191218756, 0.6183042199480602, 0.8811549787798683, 0.11069941662341942, 0.6614969276562388, 0.9686851365271505, -0.8108467462562172, -0.7615354898122653, 0.5309933137761629, -0.5210738972086391, 0.4170839297659319, -0.9304919420690325, 0.5893282954329457, 0.4454276967252604, -0.8313053038347695, 0.7576812320188242, 0.44375795880660673, -0.17281994870147943, 0.31249965196786067, -0.7291262579236832, 0.19310367433724318, 0.6837190306697467]
0.09214346179171533;0.08111412823200226;[-0.7721291184425354, -0.15223827958106995, 0.21043570339679718, 0.6182041764259338, 0.8812549710273743, 0.11059945076704025, 0.6613969206809998, 0.9685851335525513, -0.8109467625617981, -0.7614354491233826, 0.5308933258056641, -0.521173894405365, 0.41718390583992004, -0.9303919076919556, 0.5892282724380493, 0.44552767276763916, -0.8314053416252136, 0.7575812339782715, 0.4436579644680023, -0.17291994392871857, 0.31259962916374207, -0.7290262579917908, 0.19320367276668549, 0.6836190223693848]
0.10332347888817445;0.08746527880430222;[-0.7821471095085144, -0.1422342211008072, 0.2004798799753189, 0.608212411403656, 0.8912538290023804, 0.1085670217871666, 0.6509761810302734, 0.9585789442062378, -0.820946991443634, -0.7514487504959106, 0.5208821296691895, -0.5311333537101746, 0.4271833002567291, -0.9203697443008423, 0.5792138576507568, 0.4555247724056244, -0.8414106369018555, 0.7475858926773071, 0.4336659014225006, -0.18297737836837769, 0.3226034939289093, -0.719059407711029, 0.20316846668720245, 0.6736173629760742]
0.11550564424800566;0.09405580163002014;[-0.7921930551528931, -0.13206873834133148, 0.190492644906044, 0.5981990694999695, 0.9012554883956909, 0.12528742849826813, 0.6377301812171936, 0.9485902190208435, -0.8315562605857849, -0.7415326237678528, 0.5108363032341003, -0.5407659411430359, 0.43718528747558594, -0.9090681672096252, 0.5691514015197754, 0.4655299484729767, -0.8514500856399536, 0.7376071214675903, 0.4236906170845032, -0.1935696303844452, 0.332613468170166, -0.7092029452323914, 0.2124897539615631, 0.6636185646057129]
0.12697428356856572;0.1304713785648346;[-0.8022475242614746, -0.11712442338466644, 0.1730489581823349, 0.5875536203384399, 0.9113247394561768, 0.12334898859262466, 0.6254043579101562, 0.9356734752655029, -0.8406004905700684, -0.7300371527671814, 0.4982597231864929, -0.5236281752586365, 0.44817206263542175, -0.8994020223617554, 0.5565699934959412, 0.4754776358604431, -0.8581146001815796, 0.7227239608764648, 0.41068971157073975, -0.199957013130188, 0.34208109974861145, -0.6982693076133728, 0.23287780582904816, 0.6574552655220032]
0.13781038565514178;0.13780631124973297;[-0.81419438123703, -0.10411745309829712, 0.15812420845031738, 0.5774725079536438, 0.9205067157745361, 0.1339949369430542, 0.6089111566543579, 0.9214206337928772, -0.8496647477149963, -0.7212668061256409, 0.4861360192298889, -0.5091163516044617, 0.45826083421707153, -0.8908644914627075, 0.5441613793373108, 0.4857085049152374, -0.8661250472068787, 0.7099759578704834, 0.40148115158081055, -0.205709308385849, 0.3423895537853241, -0.6872249245643616, 0.2474546581506729, 0.651920735836029]
0.1485884884309168;0.1454644799232483;[-0.8261102437973022, -0.09275125712156296, 0.14363664388656616, 0.5675969123840332, 0.9294515252113342, 0.1461953967809677, 0.5922431349754333, 0.9060969352722168, -0.8595190644264221, -0.7164827585220337, 0.47469887137413025, -0.49228984117507935, 0.46704888343811035, -0.8810383677482605, 0.5312918424606323, 0.49503782391548157, -0.873808741569519, 0.6970673203468323, 0.39447730779647827, -0.21080248057842255, 0.34270769357681274, -0.6741153597831726, 0.2615746855735779, 0.6473298072814941]
0.16168647767732786;0.15554670989513397;[-0.8444914817810059, -0.08273202925920486, 0.12799133360385895, 0.5562355518341064, 0.9395337700843811, 0.14861680567264557, 0.5765840411186218, 0.8894087076187134, -0.8680723309516907, -0.7108080387115479, 0.4617915153503418, -0.47632893919944763, 0.47696632146835327, -0.867688000202179, 0.5182863473892212, 0.5048943161964417, -0.8819543719291687, 0.6826038360595703, 0.3849963843822479, -0.2191002368927002, 0.34325239062309265, -0.6590389013290405, 0.2790493369102478, 0.6413350105285645]
0.17362498991374042;0.16353319585323334;[-0.861984372138977, -0.07502564787864685, 0.12270933389663696, 0.5443452596664429, 0.949113667011261, 0.13101111352443695, 0.5636349320411682, 0.8749749660491943, -0.877245306968689, -0.7057125568389893, 0.4494687020778656, -0.47063148021698, 0.48623770475387573, -0.8593192100524902, 0.5073213577270508, 0.5095169544219971, -0.8887814283370972, 0.6699749231338501, 0.3756868541240692, -0.22868837416172028, 0.3439059257507324, -0.6455949544906616, 0.2928997278213501, 0.6408346891403198]
0.18518585143471095;0.17062129080295563;[-0.8760429620742798, -0.07222232967615128, 0.11747918277978897, 0.5308359861373901, 0.9580166339874268, 0.12126562744379044, 0.5558698773384094, 0.8631429076194763, -0.8862192630767822, -0.7010450959205627, 0.43636536598205566, -0.46803438663482666, 0.49476897716522217, -0.8551248908042908, 0.4952242970466614, 0.5120183825492859, -0.8944041132926941, 0.6594142913818359, 0.36858996748924255, -0.23694592714309692, 0.3445677161216736, -0.631138801574707, 0.3037991225719452, 0.6393795013427734]
0.19612009197192432;0.17640316486358643;[-0.8871951103210449, -0.07244756072759628, 0.11296632885932922, 0.5178499817848206, 0.9653106331825256, 0.12211864441633224, 0.5501723885536194, 0.8523859977722168, -0.8952305912971497, -0.695292055606842, 0.4242323637008667, -0.46778231859207153, 0.5024661421775818, -0.860234260559082, 0.4826127290725708, 0.5128210783004761, -0.8978785276412964, 0.6499385833740234, 0.3639926016330719, -0.24356533586978912, 0.3451937437057495, -0.6185191869735718, 0.30925169587135315, 0.6302558183670044]
0.20658720748428247;0.18149425089359283;[-0.8975614905357361, -0.07228913903236389, 0.1082405298948288, 0.5058706998825073, 0.9710009098052979, 0.12209144979715347, 0.5451862812042236, 0.8421847820281982, -0.9034037590026855, -0.6897201538085938, 0.41302499175071716, -0.4686656594276428, 0.5098341107368469, -0.865666389465332, 0.47092100977897644, 0.5147190093994141, -0.899675190448761, 0.6405696272850037, 0.3615815043449402, -0.2514669895172119, 0.3457905650138855, -0.6073950529098511, 0.3128357231616974, 0.6209201216697693]
0.21696950817780325;0.18652118742465973;[-0.9081411361694336, -0.0722162276506424, 0.1020129919052124, 0.4942130744457245, 0.9763280153274536, 0.12184631824493408, 0.5399209856987, 0.8312568664550781, -0.9111803770065308, -0.6836541891098022, 0.40213701128959656, -0.4702637791633606, 0.5174572467803955, -0.8719713687896729, 0.4596179723739624, 0.5166716575622559, -0.9020467400550842, 0.6312734484672546, 0.3595803380012512, -0.2584618330001831, 0.34641575813293457, -0.5962413549423218, 0.31721827387809753, 0.6121634244918823]
0.23024237730878555;0.19342298805713654;[-0.9208255410194397, -0.07476045936346054, 0.09838467091321945, 0.48515692353248596, 0.9859433770179749, 0.12526603043079376, 0.5285376906394958, 0.8173719048500061, -0.9204505681991577, -0.6728876829147339, 0.3921208679676056, -0.479928582906723, 0.5249913930892944, -0.8723859190940857, 0.4481505751609802, 0.5162972807884216, -0.9131664037704468, 0.6246081590652466, 0.351764976978302, -0.27620989084243774, 0.34716469049453735, -0.5937247276306152, 0.3197685778141022, 0.6038682460784912]
0.24024592469792103;0.1982579082250595;[-0.9331756234169006, -0.07893570512533188, 0.09420590102672577, 0.47972410917282104, 0.996124267578125, 0.12978596985340118, 0.5172277688980103, 0.8107249736785889, -0.9283698797225952, -0.6625577211380005, 0.38296985626220703, -0.48800715804100037, 0.531286895275116, -0.8725110292434692, 0.43631935119628906, 0.5168419480323792, -0.9245851635932922, 0.6199358701705933, 0.34329500794410706, -0.28824788331985474, 0.3478337228298187, -0.5963091850280762, 0.3232555091381073, 0.6020145416259766]
0.2495352236937205;0.20273689925670624;[-0.944974958896637, -0.08227680623531342, 0.09076877683401108, 0.4749167859554291, 1.00618314743042, 0.13259778916835785, 0.5078557729721069, 0.8048123717308044, -0.9355876445770264, -0.6534771919250488, 0.3739117681980133, -0.4938068091869354, 0.5375410914421082, -0.8725661039352417, 0.42501330375671387, 0.5182319283485413, -0.9356878399848938, 0.615202009677887, 0.33586111664772034, -0.29901933670043945, 0.3485407829284668, -0.5984495878219604, 0.32691627740859985, 0.6004174947738647]
0.2584132808576588;0.20700672268867493;[-0.9562849998474121, -0.0843791738152504, 0.08770482242107391, 0.47049644589424133, 1.0162190198898315, 0.13450855016708374, 0.4994695782661438, 0.7988797426223755, -0.9424968957901001, -0.6449868679046631, 0.36491623520851135, -0.49680063128471375, 0.5437161922454834, -0.872393012046814, 0.4140359163284302, 0.5211891531944275, -0.9465429186820984, 0.6104401350021362, 0.3290029764175415, -0.309305340051651, 0.3492905795574188, -0.6004440784454346, 0.3304996192455292, 0.599059522151947]
0.26719295617739935;0.21148456633090973;[-0.966820240020752, -0.08605844527482986, 0.08567136526107788, 0.46610721945762634, 1.0263506174087524, 0.13683097064495087, 0.490745484828949, 0.7928807735443115, -0.9507395625114441, -0.6370030045509338, 0.35537344217300415, -0.4990554749965668, 0.549930214881897, -0.870964527130127, 0.4023093581199646, 0.5234997868537903, -0.9570032954216003, 0.6058446764945984, 0.3218211531639099, -0.31859344244003296, 0.3501156270503998, -0.6025254726409912, 0.33450260758399963, 0.5979290008544922]
0.27693070291567756;0.2639979422092438;[-0.9762707948684692, -0.08652780950069427, 0.08371692895889282, 0.4614749550819397, 1.036361575126648, 0.14025110006332397, 0.4830332100391388, 0.7865250706672668, -0.9601248502731323, -0.6297224760055542, 0.34523001313209534, -0.49973756074905396, 0.5562716722488403, -0.8729375004768372, 0.3901086151599884, 0.5245440602302551, -0.9665313959121704, 0.6005851626396179, 0.3149399161338806, -0.3378099501132965, 0.3510458469390869, -0.6037360429763794, 0.3385513424873352, 0.5969769954681396]
0.281495182062868;0.268363356590271;[-0.9837342500686646, -0.08701039850711823, 0.075567826628685, 0.45821431279182434, 1.043249249458313, 0.1461273729801178, 0.47631555795669556, 0.7753886580467224, -0.9684551954269409, -0.6241609454154968, 0.3341253399848938, -0.49324920773506165, 0.5620043873786926, -0.8875367045402527, 0.3783409297466278, 0.5237380862236023, -0.9679192304611206, 0.5936751365661621, 0.3103492558002472, -0.33978238701820374, 0.3518691062927246, -0.6036739945411682, 0.345032274723053, 0.6004877686500549]
0.28631469390100006;0.2730610966682434;[-0.9894542098045349, -0.0877758264541626, 0.06930696964263916, 0.45442038774490356, 1.0503461360931396, 0.1508992612361908, 0.46967217326164246, 0.7645809650421143, -0.9762282967567444, -0.6176024079322815, 0.32213082909584045, -0.49183449149131775, 0.5686677694320679, -0.903201162815094, 0.36514392495155334, 0.5217098593711853, -0.9679091572761536, 0.5868391394615173, 0.3047269284725189, -0.34042879939079285, 0.3527582883834839, -0.6029363870620728, 0.35233524441719055, 0.6035483479499817]
0.2906142990775967;0.2772315740585327;[-0.9952772259712219, -0.0892762616276741, 0.06521274894475937, 0.45103031396865845, 1.0552539825439453, 0.1558200567960739, 0.4636939465999603, 0.7546201348304749, -0.98237544298172, -0.6105717420578003, 0.31036677956581116, -0.49050164222717285, 0.5753076076507568, -0.9169512391090393, 0.35192352533340454, 0.5207008123397827, -0.966139018535614, 0.5808566808700562, 0.30186671018600464, -0.34111759066581726, 0.35358351469039917, -0.6024592518806458, 0.3605177104473114, 0.6062163710594177]
0.2950471538588365;0.2811538875102997;[-1.0023154020309448, -0.0929272249341011, 0.060249682515859604, 0.44739606976509094, 1.059256911277771, 0.16180001199245453, 0.4580206274986267, 0.745076596736908, -0.989158570766449, -0.6037570238113403, 0.2992115020751953, -0.4903728663921356, 0.5815429091453552, -0.928571343421936, 0.34006696939468384, 0.5206001996994019, -0.9638770818710327, 0.5745714902877808, 0.2979564070701599, -0.3418289124965668, 0.35460397601127625, -0.602257251739502, 0.36747801303863525, 0.608500063419342]
0.29927198274453587;0.28489214181900024;[-1.0085197687149048, -0.09647848457098007, 0.05427389219403267, 0.44389066100120544, 1.0633580684661865, 0.16758134961128235, 0.4525850713253021, 0.7357795834541321, -0.9959889650344849, -0.596595823764801, 0.28893834352493286, -0.4903091490268707, 0.5876227021217346, -0.9401634931564331, 0.32857272028923035, 0.52056485414505, -0.9617979526519775, 0.5682641863822937, 0.2942695915699005, -0.34260979294776917, 0.35570579767227173, -0.6021825075149536, 0.3736282289028168, 0.6109088659286499]
0.30324147511521415;0.28842997550964355;[-1.0125765800476074, -0.09890228509902954, 0.04604768380522728, 0.440647691488266, 1.068103313446045, 0.1729472279548645, 0.4474385976791382, 0.7265797257423401, -1.0024638175964355, -0.5887559652328491, 0.2796850800514221, -0.48987799882888794, 0.5936052203178406, -0.9516425132751465, 0.31711024045944214, 0.5203498601913452, -0.9604306817054749, 0.5622729063034058, 0.2910900115966797, -0.3434862792491913, 0.3568117022514343, -0.6024746894836426, 0.37932297587394714, 0.6134430766105652]
0.30745702290845645;0.29219070076942444;[-1.0177674293518066, -0.10070937126874924, 0.02938501164317131, 0.4374704360961914, 1.0734508037567139, 0.1793801635503769, 0.4434492886066437, 0.7161701917648315, -1.0110702514648438, -0.5814314484596252, 0.2721012830734253, -0.48791223764419556, 0.5993600487709045, -0.9605862498283386, 0.3071337938308716, 0.5186713337898254, -0.9595544338226318, 0.5553866028785706, 0.28670668601989746, -0.3443980813026428, 0.3581694960594177, -0.6024518013000488, 0.38516661524772644, 0.6155750751495361]
0.31228683760792136;0.2965652644634247;[-1.022975206375122, -0.10281160473823547, 0.017852887511253357, 0.43353572487831116, 1.0794621706008911, 0.18693090975284576, 0.43833127617836, 0.7038652300834656, -1.0189803838729858, -0.570859968662262, 0.2638040781021118, -0.4836266040802002, 0.6044192314147949, -0.96784907579422, 0.2966355085372925, 0.517391562461853, -0.9632738828659058, 0.5478220582008362, 0.2820914685726166, -0.34543055295944214, 0.3594520092010498, -0.601676881313324, 0.38814792037010193, 0.6180042028427124]
0.3171457180219922;0.30114078521728516;[-1.0283995866775513, -0.10611189156770706, 0.013604877516627312, 0.42999690771102905, 1.0844416618347168, 0.19555245339870453, 0.43208491802215576, 0.6892443299293518, -1.024366855621338, -0.5597257614135742, 0.2557965815067291, -0.4782395660877228, 0.6088459491729736, -0.973741888999939, 0.2854076623916626, 0.5178042054176331, -0.9728654623031616, 0.5413162708282471, 0.2775677740573883, -0.34672868251800537, 0.3605085611343384, -0.6014580726623535, 0.387351393699646, 0.6205938458442688]
0.32110779203559525;0.3050957918167114;[-1.0340120792388916, -0.10905127972364426, 0.009958099573850632, 0.4276726245880127, 1.08677077293396, 0.20507872104644775, 0.4247884452342987, 0.6769289970397949, -1.0267513990402222, -0.5507089495658875, 0.2485944777727127, -0.47251275181770325, 0.614058256149292, -0.9784435033798218, 0.2741476893424988, 0.518357515335083, -0.9796651601791382, 0.5364686846733093, 0.2731361985206604, -0.3482935130596161, 0.3610771596431732, -0.6014650464057922, 0.38409528136253357, 0.6232113838195801]
0.3245438338560866;0.31564199924468994;[-1.0456151962280273, -0.11450434476137161, 0.006488651502877474, 0.4241029620170593, 1.0803390741348267, 0.21642272174358368, 0.4148029685020447, 0.661129355430603, -1.0270916223526, -0.5414057970046997, 0.23626084625720978, -0.4599124491214752, 0.6201456785202026, -0.9886024594306946, 0.25500941276550293, 0.5166001319885254, -0.9779358506202698, 0.5297015905380249, 0.2682251036167145, -0.35014668107032776, 0.36068764328956604, -0.6008268594741821, 0.3742836117744446, 0.6241133213043213]
0.3289296560214;0.33113259077072144;[-1.0541715621948242, -0.11483792215585709, -0.005292846821248531, 0.41959065198898315, 1.0745692253112793, 0.23017285764217377, 0.40387043356895447, 0.6457709074020386, -1.0276283025741577, -0.5301812291145325, 0.22229528427124023, -0.44463926553726196, 0.6308021545410156, -1.0004500150680542, 0.2352074384689331, 0.5082530379295349, -0.979750394821167, 0.5213683843612671, 0.27238669991493225, -0.3516962230205536, 0.35924533009529114, -0.597222626209259, 0.36075592041015625, 0.6241634488105774]
0.3321771207682175;0.3440640866756439;[-1.0581259727478027, -0.1151387095451355, -0.018792662769556046, 0.4154288172721863, 1.0707635879516602, 0.23920145630836487, 0.3943992853164673, 0.6348395347595215, -1.023515224456787, -0.513501763343811, 0.21133114397525787, -0.4296538829803467, 0.6395516395568848, -1.0137779712677002, 0.22227390110492706, 0.4995616376399994, -0.9856282472610474, 0.5103490948677063, 0.2772885859012604, -0.3531193137168884, 0.35852646827697754, -0.5945851802825928, 0.34972262382507324, 0.6259453296661377]
0.33503353219681997;0.35571375489234924;[-1.060494065284729, -0.11515510082244873, -0.03210987150669098, 0.4117862582206726, 1.0677579641342163, 0.24657335877418518, 0.38468754291534424, 0.626804530620575, -1.019267201423645, -0.4983910322189331, 0.20311234891414642, -0.4160793423652649, 0.6466941833496094, -1.0244286060333252, 0.21035125851631165, 0.49112120270729065, -0.9929243922233582, 0.49881020188331604, 0.2865345776081085, -0.3543948829174042, 0.35824301838874817, -0.59189373254776, 0.33991724252700806, 0.6280192732810974]
0.3392082666421495;0.3676213324069977;[-1.064189076423645, -0.11195871233940125, -0.042902011424303055, 0.40648582577705383, 1.0673043727874756, 0.2515496015548706, 0.37654945254325867, 0.6210842728614807, -1.017215371131897, -0.4865788221359253, 0.19452238082885742, -0.4056832790374756, 0.6556287407875061, -1.0325663089752197, 0.19860270619392395, 0.4810485243797302, -1.0000250339508057, 0.48676082491874695, 0.2952844500541687, -0.35475751757621765, 0.35824787616729736, -0.5871438384056091, 0.3297289311885834, 0.6284604668617249]
0.3433840015431308;0.3794291615486145;[-1.0671513080596924, -0.1084425151348114, -0.052938446402549744, 0.4010399580001831, 1.067171573638916, 0.25590065121650696, 0.36790427565574646, 0.6156049370765686, -1.0169801712036133, -0.4762051999568939, 0.18618418276309967, -0.39491578936576843, 0.6658259034156799, -1.0398907661437988, 0.1878509819507599, 0.47111010551452637, -1.0055084228515625, 0.47497788071632385, 0.3025422990322113, -0.3545769453048706, 0.35804998874664307, -0.5815798044204712, 0.31996938586235046, 0.6292347311973572]
0.3485218105926549;0.39321383833885193;[-1.0704883337020874, -0.10458866506814957, -0.06266260892152786, 0.3942728340625763, 1.067585825920105, 0.25901827216148376, 0.35698339343070984, 0.6112505793571472, -1.0174022912979126, -0.4652459919452667, 0.17703835666179657, -0.38412654399871826, 0.6766422986984253, -1.0457358360290527, 0.17773307859897614, 0.46179595589637756, -1.0133274793624878, 0.46292468905448914, 0.307251900434494, -0.3541758358478546, 0.3583372235298157, -0.5756595730781555, 0.3102809488773346, 0.6288507580757141]
0.3578192232264809;0.4334791302680969;[-1.0793678760528564, -0.0928473249077797, -0.07278110086917877, 0.3817830979824066, 1.073403239250183, 0.2621272802352905, 0.3424108624458313, 0.6106884479522705, -1.0111852884292603, -0.4512013792991638, 0.1694670021533966, -0.3790186643600464, 0.6910064816474915, -1.055539608001709, 0.16212303936481476, 0.45068442821502686, -1.0345220565795898, 0.4459051489830017, 0.3243861198425293, -0.3562210500240326, 0.36106815934181213, -0.5671951174736023, 0.29900500178337097, 0.6233408451080322]
0.36418858384722624;0.46675676107406616;[-1.0841277837753296, -0.07975258678197861, -0.08680841326713562, 0.3736823797225952, 1.0712671279907227, 0.26505112648010254, 0.3312307596206665, 0.613318920135498, -1.0044018030166626, -0.4418325424194336, 0.16307325661182404, -0.3696126937866211, 0.7047309875488281, -1.0703173875808716, 0.1484275758266449, 0.4392296075820923, -1.0491644144058228, 0.4297286570072174, 0.33674147725105286, -0.36056849360466003, 0.36416423320770264, -0.5609957575798035, 0.28544384241104126, 0.6167625784873962]
0.36921876918122426;0.4863540232181549;[-1.0852861404418945, -0.07425398379564285, -0.10029646754264832, 0.3663446307182312, 1.0696135759353638, 0.2637370228767395, 0.32375913858413696, 0.6143308877944946, -1.0018396377563477, -0.4398692548274994, 0.1594298630952835, -0.3639870285987854, 0.7119464874267578, -1.0819116830825806, 0.13694295287132263, 0.43336009979248047, -1.059403657913208, 0.41559898853302, 0.34419330954551697, -0.3670293390750885, 0.3654463291168213, -0.5590499043464661, 0.27916470170021057, 0.6108875870704651]
0.37447025427880076;0.49972742795944214;[-1.0870027542114258, -0.0738920196890831, -0.1122724637389183, 0.35910752415657043, 1.0687155723571777, 0.26258406043052673, 0.3181772530078888, 0.6121507883071899, -1.0030936002731323, -0.4391779899597168, 0.15617430210113525, -0.3602876365184784, 0.7177516222000122, -1.0892184972763062, 0.12651334702968597, 0.43161341547966003, -1.0686875581741333, 0.4033976197242737, 0.3483935594558716, -0.37381449341773987, 0.3660409450531006, -0.5565134882926941, 0.2787168622016907, 0.6063753962516785]
0.3794201056497048;0.512444257736206;[-1.0882649421691895, -0.07342641800642014, -0.12379711121320724, 0.352163702249527, 1.067914605140686, 0.26171672344207764, 0.31324461102485657, 0.6103325486183167, -1.0045899152755737, -0.43853089213371277, 0.15332864224910736, -0.3562150001525879, 0.7234873175621033, -1.0961291790008545, 0.11691740155220032, 0.43020710349082947, -1.0775727033615112, 0.3916551470756531, 0.3521299958229065, -0.38049018383026123, 0.3666764497756958, -0.5534781217575073, 0.27871736884117126, 0.6023439764976501]
0.38565865052371506;0.5325924158096313;[-1.089782476425171, -0.07408137619495392, -0.12972335517406464, 0.34587687253952026, 1.066872000694275, 0.26235029101371765, 0.3016650378704071, 0.6056277751922607, -1.0103613138198853, -0.4413531422615051, 0.14778926968574524, -0.3537399470806122, 0.7331610918045044, -1.0983572006225586, 0.10556919127702713, 0.42611873149871826, -1.0890088081359863, 0.3815961480140686, 0.356657475233078, -0.38969239592552185, 0.3661435544490814, -0.5495133399963379, 0.2704223096370697, 0.5980932116508484]
0.39168063791226626;0.5523750185966492;[-1.091701626777649, -0.07425929605960846, -0.12490446865558624, 0.3399575352668762, 1.065846562385559, 0.2649061381816864, 0.2907063663005829, 0.6002475619316101, -1.017030119895935, -0.4439483880996704, 0.13902629911899567, -0.34945395588874817, 0.7428368330001831, -1.094657301902771, 0.0960114374756813, 0.42040592432022095, -1.097744107246399, 0.37322843074798584, 0.3613987863063812, -0.39949387311935425, 0.36191967129707336, -0.5445836186408997, 0.26280340552330017, 0.5947850942611694]
0.3977454862621502;0.5699418187141418;[-1.0929490327835083, -0.07410985231399536, -0.12027927488088608, 0.33398789167404175, 1.0662124156951904, 0.26774492859840393, 0.2816384434700012, 0.5954616069793701, -1.0226722955703735, -0.4460604190826416, 0.13007989525794983, -0.34607619047164917, 0.7506427764892578, -1.0909321308135986, 0.08694085478782654, 0.4152216613292694, -1.1040675640106201, 0.3631901443004608, 0.36619940400123596, -0.40859097242355347, 0.35969069600105286, -0.540200412273407, 0.2617899775505066, 0.5911019444465637]
0.40265549787535493;0.5849757194519043;[-1.0944569110870361, -0.07360529154539108, -0.11675503104925156, 0.33180975914001465, 1.0675420761108398, 0.27029746770858765, 0.2731025815010071, 0.5910402536392212, -1.0280877351760864, -0.44753673672676086, 0.12187135964632034, -0.34255456924438477, 0.758613109588623, -1.087108850479126, 0.07847316563129425, 0.41020864248275757, -1.1085822582244873, 0.35406091809272766, 0.37049904465675354, -0.41720402240753174, 0.3577914834022522, -0.5359804630279541, 0.26091212034225464, 0.5872683525085449]
0.40567965495770075;0.5953922271728516;[-1.096778392791748, -0.07286696135997772, -0.11958321928977966, 0.33189308643341064, 1.0688062906265259, 0.27104613184928894, 0.2660265266895294, 0.5888066291809082, -1.0321234464645386, -0.4466972053050995, 0.11546867340803146, -0.33821678161621094, 0.7651475667953491, -1.087822675704956, 0.07189981639385223, 0.4049106538295746, -1.1130375862121582, 0.3470918536186218, 0.37414252758026123, -0.42439836263656616, 0.35549846291542053, -0.5322627425193787, 0.25969094038009644, 0.583020031452179]
0.408833058759819;0.6048970818519592;[-1.098933458328247, -0.07444076240062714, -0.1233777403831482, 0.33196884393692017, 1.0695444345474243, 0.27157294750213623, 0.2591230869293213, 0.5875253081321716, -1.036682367324829, -0.446175217628479, 0.10936048626899719, -0.33463791012763977, 0.7709905505180359, -1.0882596969604492, 0.06770787388086319, 0.39947330951690674, -1.120311975479126, 0.3397553563117981, 0.3767508864402771, -0.4309142529964447, 0.3529646694660187, -0.5273056626319885, 0.25964680314064026, 0.5787762403488159]
0.41183190571843337;0.6151490807533264;[-1.1005483865737915, -0.07596833258867264, -0.12788759171962738, 0.33202308416366577, 1.0698084831237793, 0.27447035908699036, 0.2524256706237793, 0.5850268006324768, -1.0387294292449951, -0.4461650848388672, 0.10363995283842087, -0.33140459656715393, 0.7789394855499268, -1.089911699295044, 0.06300142407417297, 0.394580215215683, -1.1289914846420288, 0.3345235586166382, 0.3791874945163727, -0.438464492559433, 0.3494695723056793, -0.5230754017829895, 0.25904369354248047, 0.5769063234329224]
0.41457506858141757;0.6250186562538147;[-1.1014128923416138, -0.07788492739200592, -0.1321062296628952, 0.33210378885269165, 1.069850206375122, 0.277498334646225, 0.24546702206134796, 0.5829094648361206, -1.04032301902771, -0.4452451169490814, 0.09833452105522156, -0.32770290970802307, 0.7866575717926025, -1.0915770530700684, 0.05931505933403969, 0.3898301422595978, -1.1373001337051392, 0.3298555910587311, 0.38184162974357605, -0.4461576044559479, 0.34598129987716675, -0.5194307565689087, 0.2581762671470642, 0.574953556060791]
0.4172313665765806;0.6335186958312988;[-1.1021978855133057, -0.07912837713956833, -0.13546893000602722, 0.3321124017238617, 1.0700255632400513, 0.2801567614078522, 0.23883667588233948, 0.5809205770492554, -1.0422860383987427, -0.4441733658313751, 0.09455608576536179, -0.3269515037536621, 0.7928017377853394, -1.092506766319275, 0.05613081157207489, 0.3850182890892029, -1.1448689699172974, 0.32481637597084045, 0.3842790722846985, -0.4535087049007416, 0.34311383962631226, -0.515680730342865, 0.25668448209762573, 0.5723604559898376]
0.41964935638459583;0.6398748159408569;[-1.1027402877807617, -0.0790109932422638, -0.13686661422252655, 0.33216404914855957, 1.0707573890686035, 0.2827047109603882, 0.23332341015338898, 0.579562246799469, -1.0449751615524292, -0.44337016344070435, 0.09209036827087402, -0.32692426443099976, 0.7972733378410339, -1.0926834344863892, 0.05250195413827896, 0.38070836663246155, -1.1513752937316895, 0.31858888268470764, 0.3867485821247101, -0.45917943120002747, 0.3412974774837494, -0.511467456817627, 0.25571221113204956, 0.5695397257804871]
0.4215712709147785;0.6451050043106079;[-1.1031743288040161, -0.07942884415388107, -0.13951435685157776, 0.3322139382362366, 1.072321891784668, 0.2855249345302582, 0.23049508035182953, 0.5795459151268005, -1.0495030879974365, -0.44179612398147583, 0.08994043618440628, -0.32686707377433777, 0.8011854887008667, -1.0924975872039795, 0.048951514065265656, 0.37713631987571716, -1.1561559438705444, 0.3133436143398285, 0.3892192542552948, -0.4641386568546295, 0.34050253033638, -0.5083938837051392, 0.2537148594856262, 0.5674332976341248]
0.4232491396324721;0.649929940700531;[-1.1034594774246216, -0.08037632703781128, -0.14215853810310364, 0.3322290778160095, 1.0739896297454834, 0.28825899958610535, 0.2284758985042572, 0.5801723003387451, -1.0546324253082275, -0.4399856925010681, 0.08780032396316528, -0.32689788937568665, 0.8047538995742798, -1.0924043655395508, 0.045537739992141724, 0.37361857295036316, -1.1606762409210205, 0.30845001339912415, 0.3916725814342499, -0.4687322974205017, 0.33981454372406006, -0.5059021711349487, 0.25115081667900085, 0.565531313419342]
0.4249763936501162;0.6549610495567322;[-1.103861927986145, -0.08101097494363785, -0.14487324655056, 0.3322758674621582, 1.0756429433822632, 0.2909910976886749, 0.2263810783624649, 0.5806760787963867, -1.0597378015518188, -0.4382096230983734, 0.08555194735527039, -0.32699820399284363, 0.8085228204727173, -1.0920964479446411, 0.04212825000286102, 0.36999818682670593, -1.1653131246566772, 0.3035610318183899, 0.39400985836982727, -0.4733949303627014, 0.3391163647174835, -0.5031660199165344, 0.2485162764787674, 0.5635137557983398]
0.4266394265139754;0.6599142551422119;[-1.1043665409088135, -0.08164404332637787, -0.14761194586753845, 0.33230724930763245, 1.0772629976272583, 0.2937919795513153, 0.22466203570365906, 0.5812628865242004, -1.0650050640106201, -0.43652769923210144, 0.08320426195859909, -0.326927125453949, 0.8120980262756348, -1.0918993949890137, 0.038500942289829254, 0.3663555979728699, -1.1698921918869019, 0.298511266708374, 0.39646685123443604, -0.47804194688796997, 0.3384774625301361, -0.5003994703292847, 0.24611009657382965, 0.5616309642791748]
0.42819897269098844;0.6648575663566589;[-1.1048516035079956, -0.08221444487571716, -0.15031273663043976, 0.33232662081718445, 1.0789470672607422, 0.29653316736221313, 0.2229253500699997, 0.5820803642272949, -1.0702569484710693, -0.43477097153663635, 0.08076903969049454, -0.32688525319099426, 0.8157087564468384, -1.0916398763656616, 0.03475561365485191, 0.36229151487350464, -1.174435019493103, 0.29375120997428894, 0.39890986680984497, -0.48240670561790466, 0.33782827854156494, -0.497735857963562, 0.2434384822845459, 0.5597947835922241]
0.429667594889653;0.6697098016738892;[-1.105860948562622, -0.08209946751594543, -0.15287092328071594, 0.3324037790298462, 1.080679178237915, 0.29919278621673584, 0.22150449454784393, 0.5829235315322876, -1.0750906467437744, -0.4326954782009125, 0.07807827740907669, -0.3270009458065033, 0.819610595703125, -1.091366171836853, 0.031170235946774483, 0.3576861321926117, -1.179089069366455, 0.2889340817928314, 0.40116530656814575, -0.486503005027771, 0.33695876598358154, -0.4949268102645874, 0.240686297416687, 0.5583295822143555]
0.4309792796724513;0.6745713949203491;[-1.106908917427063, -0.08147526532411575, -0.15528230369091034, 0.33242902159690857, 1.082283854484558, 0.3019399642944336, 0.22115913033485413, 0.5840651392936707, -1.0799999237060547, -0.43047693371772766, 0.07533740252256393, -0.32697179913520813, 0.8234533667564392, -1.0912171602249146, 0.027926187962293625, 0.3527420461177826, -1.1836087703704834, 0.28420770168304443, 0.40354979038238525, -0.4906729757785797, 0.3361673951148987, -0.49225008487701416, 0.2377133071422577, 0.5571790337562561]
0.4322494539088623;0.6795364618301392;[-1.1081244945526123, -0.08106789737939835, -0.1572110652923584, 0.3325008153915405, 1.0836080312728882, 0.3043249845504761, 0.22022119164466858, 0.5854576826095581, -1.0853023529052734, -0.42862725257873535, 0.07248877733945847, -0.325910747051239, 0.8269193768501282, -1.0912070274353027, 0.024470314383506775, 0.3476032018661499, -1.188109278678894, 0.2789868712425232, 0.4060725271701813, -0.4946519434452057, 0.3354988098144531, -0.4893620014190674, 0.23484008014202118, 0.55559241771698]
0.4344050971389416;0.6909675598144531;[-1.1065285205841064, -0.07840071618556976, -0.1616593897342682, 0.3325025141239166, 1.086068034172058, 0.3065316677093506, 0.2186133712530136, 0.5861303806304932, -1.095277190208435, -0.4285544157028198, 0.07009954005479813, -0.3238461911678314, 0.8332974910736084, -1.0903260707855225, 0.02364746481180191, 0.3409182131290436, -1.1931260824203491, 0.2701323330402374, 0.40680891275405884, -0.4997904896736145, 0.3362382650375366, -0.48974448442459106, 0.22977274656295776, 0.5496547818183899]
0.43674026613394684;0.701137363910675;[-1.1044111251831055, -0.07538481801748276, -0.16607815027236938, 0.33250802755355835, 1.088809847831726, 0.30949506163597107, 0.21681605279445648, 0.5868842601776123, -1.1049437522888184, -0.42956581711769104, 0.06742408871650696, -0.3224567770957947, 0.8401914834976196, -1.0881190299987793, 0.023083223029971123, 0.33468934893608093, -1.1985974311828613, 0.2639411687850952, 0.4074210226535797, -0.5050451755523682, 0.3370172381401062, -0.49048927426338196, 0.226519376039505, 0.543424665927887]
0.43877388449639426;0.709437906742096;[-1.1025068759918213, -0.07260027527809143, -0.1690845787525177, 0.3324287533760071, 1.092043161392212, 0.31186938285827637, 0.2137628048658371, 0.5880593061447144, -1.1141645908355713, -0.42984163761138916, 0.06429038196802139, -0.3218653202056885, 0.8463225960731506, -1.0862083435058594, 0.02208998054265976, 0.32872363924980164, -1.2047070264816284, 0.26192763447761536, 0.4079078435897827, -0.5096591711044312, 0.33791500329971313, -0.4908241629600525, 0.22465255856513977, 0.5376982092857361]
0.44088289908660716;0.7185234427452087;[-1.0999630689620972, -0.06983504444360733, -0.17262046039104462, 0.332472026348114, 1.0963469743728638, 0.31319600343704224, 0.20952241122722626, 0.588849663734436, -1.1228605508804321, -0.4302203357219696, 0.06168203428387642, -0.3216112554073334, 0.8528239130973816, -1.0849577188491821, 0.021676087751984596, 0.3225277364253998, -1.2105398178100586, 0.25952309370040894, 0.4085313379764557, -0.5161494016647339, 0.338515043258667, -0.4914323389530182, 0.22339236736297607, 0.5319324731826782]
0.44299005075134684;0.728102445602417;[-1.0971531867980957, -0.06842225790023804, -0.17934751510620117, 0.3324792683124542, 1.1007757186889648, 0.31437528133392334, 0.20495069026947021, 0.5902708172798157, -1.1311981678009033, -0.43063998222351074, 0.05969998985528946, -0.321119099855423, 0.8592416644096375, -1.0832493305206299, 0.021174127236008644, 0.3165416121482849, -1.2162668704986572, 0.25701403617858887, 0.40928736329078674, -0.5230208039283752, 0.3381277024745941, -0.4922482371330261, 0.2218579202890396, 0.5257445573806763]
0.4450341457477348;0.7378337383270264;[-1.0939853191375732, -0.06710687279701233, -0.18656212091445923, 0.3325386345386505, 1.1053383350372314, 0.315366268157959, 0.2002655565738678, 0.5918951034545898, -1.1395299434661865, -0.43103229999542236, 0.05768457055091858, -0.3205948770046234, 0.8655550479888916, -1.0815820693969727, 0.02054494433104992, 0.3104279339313507, -1.2219977378845215, 0.25471317768096924, 0.41010692715644836, -0.5301371216773987, 0.3377285599708557, -0.4934520423412323, 0.220565065741539, 0.519425630569458]
0.44704443952450196;0.7478366494178772;[-1.0906312465667725, -0.06562074273824692, -0.19259560108184814, 0.33251187205314636, 1.110160231590271, 0.3162423074245453, 0.19479262828826904, 0.5934520363807678, -1.1480520963668823, -0.4311141073703766, 0.05615229532122612, -0.32095471024513245, 0.8722044825553894, -1.0794910192489624, 0.019829915836453438, 0.30369436740875244, -1.227890133857727, 0.25292134284973145, 0.4108133614063263, -0.5369849801063538, 0.3370446562767029, -0.4939367175102234, 0.219086691737175, 0.5131999254226685]
0.4490294811919499;0.7582691311836243;[-1.0874416828155518, -0.06399460881948471, -0.19802069664001465, 0.33250126242637634, 1.1150476932525635, 0.3171243667602539, 0.18956345319747925, 0.5951457023620605, -1.1571509838104248, -0.43117380142211914, 0.055273447185754776, -0.32119274139404297, 0.8794058561325073, -1.0771044492721558, 0.019240323454141617, 0.2967986464500427, -1.2342911958694458, 0.25081950426101685, 0.41138529777526855, -0.5436021089553833, 0.33625727891921997, -0.49424004554748535, 0.21757929027080536, 0.506855309009552]
0.45075364394768913;0.7679589986801147;[-1.0832390785217285, -0.06216500326991081, -0.2018810510635376, 0.33254146575927734, 1.1200867891311646, 0.317862331867218, 0.18449711799621582, 0.5965372920036316, -1.1664546728134155, -0.4314793348312378, 0.054693955928087234, -0.3224042057991028, 0.8850488662719727, -1.0747525691986084, 0.018190259113907814, 0.2903999984264374, -1.241620659828186, 0.2501009404659271, 0.4123130142688751, -0.549761176109314, 0.3349631428718567, -0.4925048053264618, 0.21631592512130737, 0.5008800029754639]
0.45238491252128316;0.7770702838897705;[-1.0789920091629028, -0.05943044275045395, -0.20575103163719177, 0.33254432678222656, 1.1251517534255981, 0.31805968284606934, 0.1784495860338211, 0.5976726412773132, -1.175808072090149, -0.43131428956985474, 0.05383320152759552, -0.3240363895893097, 0.8905512690544128, -1.0725626945495605, 0.01696576178073883, 0.2851201295852661, -1.2490228414535522, 0.24978432059288025, 0.4130178391933441, -0.5554341673851013, 0.3340180814266205, -0.490384042263031, 0.21526657044887543, 0.49576640129089355]
0.45405411779291394;0.7854630351066589;[-1.0753297805786133, -0.05512428283691406, -0.20772366225719452, 0.3325447142124176, 1.130248785018921, 0.31729596853256226, 0.16998158395290375, 0.5980626344680786, -1.1855932474136353, -0.430277943611145, 0.05251523479819298, -0.32562509179115295, 0.8960660696029663, -1.0695350170135498, 0.016961393877863884, 0.28120163083076477, -1.2556110620498657, 0.249293714761734, 0.4131852984428406, -0.5604350566864014, 0.33420321345329285, -0.48726385831832886, 0.21519778668880463, 0.4923896789550781]
0.4556903600576591;0.7945355772972107;[-1.070968747138977, -0.05060726776719093, -0.2104615718126297, 0.33251675963401794, 1.1355301141738892, 0.3168264925479889, 0.16171376407146454, 0.5985485315322876, -1.195773959159851, -0.42945581674575806, 0.05105235427618027, -0.32706519961357117, 0.901721715927124, -1.0666648149490356, 0.01670990139245987, 0.2769349217414856, -1.2631207704544067, 0.2490498274564743, 0.4133796989917755, -0.5656034350395203, 0.33422303199768066, -0.4840911030769348, 0.21489842236042023, 0.4887374937534332]
0.45730617581883304;0.8041172027587891;[-1.0664986371994019, -0.045398738235235214, -0.21392403542995453, 0.33247485756874084, 1.1409317255020142, 0.31665241718292236, 0.15320809185504913, 0.5990322232246399, -1.2058323621749878, -0.42815491557121277, 0.05007998272776604, -0.329071044921875, 0.9081730842590332, -1.0637946128845215, 0.015869595110416412, 0.27316412329673767, -1.2710216045379639, 0.24918153882026672, 0.4133508801460266, -0.570519745349884, 0.3341703414916992, -0.48030099272727966, 0.21393245458602905, 0.4851621091365814]
0.4587189947623713;0.813301146030426;[-1.0618101358413696, -0.04089609161019325, -0.21514976024627686, 0.3325095772743225, 1.1461390256881714, 0.3166685104370117, 0.14445845782756805, 0.6000102758407593, -1.2156785726547241, -0.4273461103439331, 0.050116050988435745, -0.33112719655036926, 0.9149054884910583, -1.060685157775879, 0.013943199068307877, 0.26948028802871704, -1.2789920568466187, 0.24998198449611664, 0.4137391746044159, -0.5743222832679749, 0.3339712619781494, -0.4763524532318115, 0.21222475171089172, 0.4813707172870636]
0.4599950664237354;0.8225911855697632;[-1.0572108030319214, -0.036757465451955795, -0.215335413813591, 0.33249998092651367, 1.151482343673706, 0.3168555796146393, 0.1346946805715561, 0.6007936000823975, -1.2255133390426636, -0.4271451234817505, 0.05116400122642517, -0.3330737054347992, 0.9215793609619141, -1.0573515892028809, 0.011580274440348148, 0.2657789885997772, -1.287507176399231, 0.25071093440055847, 0.4142518937587738, -0.5771380066871643, 0.3336835205554962, -0.4725118577480316, 0.21002407371997833, 0.47739893198013306]
0.4611924807511624;0.8321550488471985;[-1.0527065992355347, -0.031969983130693436, -0.2155139297246933, 0.3324730694293976, 1.1570260524749756, 0.3171618580818176, 0.12470987439155579, 0.6013057231903076, -1.2351765632629395, -0.4262351393699646, 0.05328654870390892, -0.3355353772640228, 0.9287173748016357, -1.054065227508545, 0.00952773354947567, 0.2626506984233856, -1.2961663007736206, 0.25171583890914917, 0.4144383668899536, -0.5800474882125854, 0.33348095417022705, -0.4684433043003082, 0.20732231438159943, 0.4736286401748657]
0.46255752341061823;0.8421693444252014;[-1.0485724210739136, -0.027680380269885063, -0.2159017026424408, 0.33247116208076477, 1.1624799966812134, 0.31833338737487793, 0.11457833647727966, 0.601962149143219, -1.2448967695236206, -0.42526817321777344, 0.05551018938422203, -0.33792540431022644, 0.9364291429519653, -1.0503904819488525, 0.008393069729208946, 0.2596048414707184, -1.305436372756958, 0.25269708037376404, 0.4146769046783447, -0.5831405520439148, 0.33351656794548035, -0.4632444679737091, 0.2041282206773758, 0.4696583151817322]
0.46384277256200684;0.8524526357650757;[-1.0444982051849365, -0.02337346225976944, -0.21672071516513824, 0.332471638917923, 1.1680469512939453, 0.31937116384506226, 0.10387976467609406, 0.6026737093925476, -1.254658579826355, -0.42418748140335083, 0.057912323623895645, -0.340440958738327, 0.944388747215271, -1.0467960834503174, 0.007254957687109709, 0.25667592883110046, -1.3148561716079712, 0.25379446148872375, 0.4149300754070282, -0.5859578251838684, 0.3332667350769043, -0.4576318562030792, 0.2006889432668686, 0.4656902551651001]
0.4651461197890455;0.8641583919525146;[-1.0402030944824219, -0.01847911812365055, -0.21847455203533173, 0.3324424624443054, 1.1740370988845825, 0.3201636075973511, 0.09407301992177963, 0.6030868887901306, -1.2649179697036743, -0.42303895950317383, 0.06043390929698944, -0.3415999114513397, 0.9556021094322205, -1.042326807975769, 0.005162149667739868, 0.25385814905166626, -1.3234964609146118, 0.2561075985431671, 0.41531798243522644, -0.5891507863998413, 0.33329272270202637, -0.45277076959609985, 0.19704589247703552, 0.46174147725105286]
0.4664714118100935;0.8769742846488953;[-1.0360487699508667, -0.015256903134286404, -0.22150278091430664, 0.3324258625507355, 1.1804678440093994, 0.31956160068511963, 0.08416842669248581, 0.6035267114639282, -1.2766202688217163, -0.42310309410095215, 0.06392141431570053, -0.34270212054252625, 0.9665288925170898, -1.0358327627182007, 0.002941762562841177, 0.2508510649204254, -1.3316916227340698, 0.25974205136299133, 0.41595393419265747, -0.5936589241027832, 0.3343684673309326, -0.44911259412765503, 0.19307860732078552, 0.4572333097457886]
0.46786288582751184;0.8902962803840637;[-1.0306317806243896, -0.013668570667505264, -0.22454622387886047, 0.33239802718162537, 1.1872656345367432, 0.3198031783103943, 0.07692762464284897, 0.6036486625671387, -1.288884162902832, -0.42202073335647583, 0.06841955333948135, -0.3437023162841797, 0.9771156907081604, -1.0276610851287842, -0.0014278258895501494, 0.24732404947280884, -1.3395968675613403, 0.26114413142204285, 0.4167012870311737, -0.5988720655441284, 0.3353285491466522, -0.44597023725509644, 0.18915541470050812, 0.4523651599884033]
0.46945189366618645;0.907936692237854;[-1.021503210067749, -0.009177138097584248, -0.23337878286838531, 0.33236706256866455, 1.193771243095398, 0.32167312502861023, 0.06982254981994629, 0.6028727889060974, -1.3033276796340942, -0.4255622625350952, 0.070977121591568, -0.34565669298171997, 0.9858545064926147, -1.0179548263549805, -0.006220120005309582, 0.24558664858341217, -1.3491920232772827, 0.2617129385471344, 0.4164084494113922, -0.6025862097740173, 0.33952775597572327, -0.45103293657302856, 0.18548600375652313, 0.4465793967247009]
0.470626088723546;0.9259795546531677;[-1.011244535446167, -0.002570384182035923, -0.24247302114963531, 0.33231186866760254, 1.200268030166626, 0.32169419527053833, 0.06360561400651932, 0.6029418110847473, -1.3178825378417969, -0.43036168813705444, 0.07358827441930771, -0.3460439145565033, 0.9938338398933411, -1.0076340436935425, -0.010646943002939224, 0.24250805377960205, -1.3578764200210571, 0.26181334257125854, 0.4167598485946655, -0.6047261357307434, 0.34457361698150635, -0.4568798542022705, 0.18001046776771545, 0.44021955132484436]
0.4711940720302382;0.9408457279205322;[-1.0032598972320557, 0.0009701151284389198, -0.24974657595157623, 0.33143913745880127, 1.2082439661026, 0.3202905058860779, 0.061738189309835434, 0.6027050614356995, -1.3314560651779175, -0.43567121028900146, 0.07884465903043747, -0.34780237078666687, 0.9993767738342285, -1.0000736713409424, -0.013987880200147629, 0.23992320895195007, -1.3631746768951416, 0.26200687885284424, 0.41591840982437134, -0.6058526635169983, 0.34996283054351807, -0.46310141682624817, 0.17448484897613525, 0.4351332187652588]
0.47172446226804376;0.953535258769989;[-0.9957712292671204, 0.004227527417242527, -0.250403493642807, 0.32968541979789734, 1.2151219844818115, 0.319730281829834, 0.06043308228254318, 0.603079080581665, -1.3446425199508667, -0.4416128993034363, 0.0847192108631134, -0.3483816683292389, 1.0043585300445557, -0.9932217597961426, -0.018152596428990364, 0.23666441440582275, -1.3690414428710938, 0.261395126581192, 0.4162178635597229, -0.6076988577842712, 0.35509732365608215, -0.46858787536621094, 0.16892261803150177, 0.43069252371788025]
0.4718449377112298;0.9675626158714294;[-0.9872727394104004, 0.008677978999912739, -0.2507040202617645, 0.32762160897254944, 1.2226969003677368, 0.3172841966152191, 0.059920717030763626, 0.6025118827819824, -1.357473373413086, -0.4459226727485657, 0.09019844979047775, -0.35002297163009644, 1.008624792098999, -0.9866801500320435, -0.020854342728853226, 0.23412317037582397, -1.3739657402038574, 0.2621103823184967, 0.4152723252773285, -0.6077390909194946, 0.3612833023071289, -0.47530171275138855, 0.16330642998218536, 0.4280238449573517]
0.47248539588290844;0.9862073659896851;[-0.9732968807220459, 0.015399344265460968, -0.2580263018608093, 0.3273913264274597, 1.232664942741394, 0.3174096345901489, 0.05412052571773529, 0.6018259525299072, -1.3695231676101685, -0.45091190934181213, 0.09276988357305527, -0.3492143154144287, 1.0135353803634644, -0.9776063561439514, -0.02265220507979393, 0.23108087480068207, -1.3821934461593628, 0.2624557316303253, 0.41481414437294006, -0.607308566570282, 0.3661336600780487, -0.4792937636375427, 0.15923209488391876, 0.4231564998626709]
0.4729409063116267;1.0175113677978516;[-0.9539093375205994, 0.023536251857876778, -0.2612396478652954, 0.32622435688972473, 1.2445770502090454, 0.31574445962905884, 0.05040032044053078, 0.6013196110725403, -1.3815172910690308, -0.454048752784729, 0.0870276540517807, -0.348676860332489, 1.0128157138824463, -0.9741412997245789, -0.02318585105240345, 0.2298799604177475, -1.401138424873352, 0.2627195119857788, 0.4132319390773773, -0.6056845784187317, 0.3677152395248413, -0.4830711781978607, 0.14454825222492218, 0.4135635197162628]
0.47278624606027375;1.04330313205719;[-0.937296450138092, 0.03271090239286423, -0.26790663599967957, 0.32511818408966064, 1.256300687789917, 0.31352540850639343, 0.0437910221517086, 0.6032505035400391, -1.3936728239059448, -0.4553431272506714, 0.08872228860855103, -0.349582701921463, 1.010498285293579, -0.9741179943084717, -0.024684574455022812, 0.22964748740196228, -1.4160178899765015, 0.26188814640045166, 0.41262558102607727, -0.6041329503059387, 0.3689800798892975, -0.4887199103832245, 0.1400226354598999, 0.4050935208797455]
0.47243556743906673;1.064550757408142;[-0.9272670149803162, 0.04419656842947006, -0.2755734920501709, 0.32405534386634827, 1.2664310932159424, 0.31273961067199707, 0.03514029458165169, 0.6044237613677979, -1.4057600498199463, -0.45781752467155457, 0.09365444630384445, -0.35161641240119934, 1.0084410905838013, -0.9749574065208435, -0.025889571756124496, 0.22904431819915771, -1.4280879497528076, 0.26130518317222595, 0.41214364767074585, -0.6037155389785767, 0.37076255679130554, -0.4940493404865265, 0.13410477340221405, 0.3973644971847534]
0.47266210803532255;1.0849460363388062;[-0.9268147349357605, 0.054707009345293045, -0.2853815257549286, 0.32233256101608276, 1.276341438293457, 0.3127496540546417, 0.02776157855987549, 0.6046361923217773, -1.418332815170288, -0.4618222117424011, 0.09966684877872467, -0.35226452350616455, 1.0057846307754517, -0.972865879535675, -0.024854697287082672, 0.22774960100650787, -1.4397492408752441, 0.2607526481151581, 0.41100063920021057, -0.6032170653343201, 0.37354177236557007, -0.49338507652282715, 0.1293978989124298, 0.3887695074081421]
0.4732447208602114;1.1081264019012451;[-0.9289195537567139, 0.06141737103462219, -0.2997731566429138, 0.31849002838134766, 1.2867741584777832, 0.3124538064002991, 0.018998341634869576, 0.6045068502426147, -1.4298259019851685, -0.46676573157310486, 0.11099100112915039, -0.35186365246772766, 1.004231333732605, -0.9655724167823792, -0.025365835055708885, 0.2234344780445099, -1.450287103652954, 0.2604234516620636, 0.40914732217788696, -0.604128360748291, 0.3693510890007019, -0.49534401297569275, 0.1281537115573883, 0.3784346878528595]
0.47362785107668126;1.1344213485717773;[-0.9321064352989197, 0.06288700550794601, -0.3111658990383148, 0.30626317858695984, 1.2979638576507568, 0.31231650710105896, 0.010477202013134956, 0.6041094064712524, -1.4393342733383179, -0.47065868973731995, 0.11732487380504608, -0.3517538607120514, 1.0022386312484741, -0.9645152688026428, -0.028724275529384613, 0.21837760508060455, -1.4575566053390503, 0.26044291257858276, 0.40822961926460266, -0.6019996404647827, 0.3624137341976166, -0.4990426003932953, 0.1238299086689949, 0.3721264600753784]
0.4737175752588534;1.1594672203063965;[-0.9331681728363037, 0.06512786448001862, -0.32211121916770935, 0.2942088842391968, 1.309496521949768, 0.30955812335014343, 0.004982605576515198, 0.6020914912223816, -1.4487346410751343, -0.47663038969039917, 0.12465061247348785, -0.35197144746780396, 0.9970413446426392, -0.9621611833572388, -0.03132361173629761, 0.2145455777645111, -1.4635648727416992, 0.2610175609588623, 0.4067077040672302, -0.6010222434997559, 0.3569832444190979, -0.5012770891189575, 0.11914485692977905, 0.3669363856315613]
0.4734678042477607;1.1823840141296387;[-0.9338744878768921, 0.06995721161365509, -0.3269660472869873, 0.2829371988773346, 1.320898175239563, 0.30584201216697693, -0.0025545163080096245, 0.6007827520370483, -1.4587785005569458, -0.482369989156723, 0.13155345618724823, -0.35301822423934937, 0.9929390549659729, -0.9644217491149902, -0.03297879174351692, 0.21197378635406494, -1.4700337648391724, 0.2613433599472046, 0.4054141640663147, -0.6009061932563782, 0.3536492884159088, -0.5009271502494812, 0.11418066918849945, 0.3617887794971466]
0.4731848591704408;1.2016798257827759;[-0.9331298470497131, 0.07498275488615036, -0.3263424038887024, 0.2750173509120941, 1.3331152200698853, 0.30519208312034607, -0.015596995130181313, 0.6000869274139404, -1.4682551622390747, -0.48586034774780273, 0.13455238938331604, -0.3530416190624237, 0.98625648021698, -0.9641913771629333, -0.032551515847444534, 0.20798292756080627, -1.4774755239486694, 0.26161134243011475, 0.4049299657344818, -0.6037368774414062, 0.34902051091194153, -0.501381516456604, 0.11068666726350784, 0.36342689394950867]
0.4727776890219098;1.2186657190322876;[-0.9326847791671753, 0.08146762102842331, -0.3260227143764496, 0.26863065361976624, 1.3446789979934692, 0.30628663301467896, -0.024257874116301537, 0.5986735224723816, -1.477392315864563, -0.4887624979019165, 0.1348438560962677, -0.3531292974948883, 0.9777683615684509, -0.9632059931755066, -0.03338193893432617, 0.20259490609169006, -1.486046552658081, 0.2620742619037628, 0.4043401777744293, -0.604785680770874, 0.3415762484073639, -0.5017771124839783, 0.11129222065210342, 0.36441218852996826]
0.47215096204988183;1.2347909212112427;[-0.9336532354354858, 0.08953633904457092, -0.324752539396286, 0.26206710934638977, 1.3555127382278442, 0.30737483501434326, -0.02967311628162861, 0.5975269675254822, -1.4866245985031128, -0.4888070821762085, 0.1361137181520462, -0.35316941142082214, 0.9685075283050537, -0.962704598903656, -0.03399267420172691, 0.1979212760925293, -1.4937211275100708, 0.26271313428878784, 0.4035373330116272, -0.6066074967384338, 0.3339231312274933, -0.5014380216598511, 0.10965172946453094, 0.36744970083236694]
0.47163521185268015;1.2510777711868286;[-0.9349493384361267, 0.09727814048528671, -0.323640376329422, 0.2545804977416992, 1.3653461933135986, 0.3103474974632263, -0.035914674401283264, 0.5970838069915771, -1.495980143547058, -0.48797541856765747, 0.13858585059642792, -0.35327714681625366, 0.9592475295066833, -0.9642611742019653, -0.03405342623591423, 0.19234219193458557, -1.5019445419311523, 0.26292112469673157, 0.4011833071708679, -0.6083930730819702, 0.3311944603919983, -0.5026525855064392, 0.10672427713871002, 0.3701063394546509]
0.4713838390342105;1.2673906087875366;[-0.9366025924682617, 0.10488981008529663, -0.32259249687194824, 0.24671387672424316, 1.3751895427703857, 0.31472739577293396, -0.04234510287642479, 0.5976855754852295, -1.5053699016571045, -0.4869660437107086, 0.14096009731292725, -0.35338881611824036, 0.9502573013305664, -0.9650478959083557, -0.03378690034151077, 0.18680529296398163, -1.5103600025177002, 0.26259517669677734, 0.3996811807155609, -0.6106341481208801, 0.3298742175102234, -0.5041181445121765, 0.10280783474445343, 0.3727038502693176]
0.4710341400162058;1.2832194566726685;[-0.9382638931274414, 0.11230996251106262, -0.32165592908859253, 0.23907609283924103, 1.3850979804992676, 0.31809157133102417, -0.04728000611066818, 0.5988556742668152, -1.5148619413375854, -0.48618754744529724, 0.1433807760477066, -0.35351505875587463, 0.9418220520019531, -0.9655430316925049, -0.032820142805576324, 0.18078164756298065, -1.5190595388412476, 0.26197996735572815, 0.39907532930374146, -0.6120882034301758, 0.3283374011516571, -0.5058691501617432, 0.09854293614625931, 0.3749614953994751]
0.46977098277326074;1.3001348972320557;[-0.9394264221191406, 0.11756196618080139, -0.32075411081314087, 0.23209650814533234, 1.3949594497680664, 0.31868645548820496, -0.048701148480176926, 0.6001626253128052, -1.5239614248275757, -0.48581430315971375, 0.14747260510921478, -0.3537627160549164, 0.9296658635139465, -0.9698629379272461, -0.03017779067158699, 0.17221792042255402, -1.5281544923782349, 0.2613205909729004, 0.39954614639282227, -0.614892303943634, 0.32554394006729126, -0.5090264081954956, 0.09329109638929367, 0.37713027000427246]
0.4686382870630311;1.3159667253494263;[-0.9427265524864197, 0.12333237379789352, -0.3195013403892517, 0.22508688271045685, 1.4054412841796875, 0.3184052109718323, -0.0475521981716156, 0.6012200713157654, -1.5287162065505981, -0.4870184063911438, 0.15217909216880798, -0.3539283871650696, 0.9183528423309326, -0.9727732539176941, -0.027470765635371208, 0.16503670811653137, -1.5373083353042603, 0.2607952952384949, 0.4004557430744171, -0.617757260799408, 0.31962478160858154, -0.5119816064834595, 0.08865594118833542, 0.38005250692367554]
0.46806756442094694;1.3280640840530396;[-0.9471704363822937, 0.1289580762386322, -0.3193391263484955, 0.21732069551944733, 1.4158775806427002, 0.31553664803504944, -0.042075224220752716, 0.6016273498535156, -1.5303490161895752, -0.4882235825061798, 0.15472522377967834, -0.35396265983581543, 0.9102430939674377, -0.9773498773574829, -0.023701053112745285, 0.16272127628326416, -1.5443310737609863, 0.26065611839294434, 0.4011058509349823, -0.6204827427864075, 0.31650805473327637, -0.5141345858573914, 0.08628180623054504, 0.38108760118484497]
0.4679588476923281;1.3398826122283936;[-0.9516310095787048, 0.1347484290599823, -0.31902965903282166, 0.20952841639518738, 1.426370620727539, 0.31432044506073, -0.037021487951278687, 0.6016501188278198, -1.5319651365280151, -0.4891733229160309, 0.15631985664367676, -0.35403433442115784, 0.9026374220848083, -0.9781261682510376, -0.02080266922712326, 0.1600901484489441, -1.5514031648635864, 0.26074013113975525, 0.4019796550273895, -0.6228318810462952, 0.3137989044189453, -0.5168201923370361, 0.08593083918094635, 0.3820059299468994]
0.4679096466308271;1.3517940044403076;[-0.9558922648429871, 0.14175035059452057, -0.3184126019477844, 0.2015547752380371, 1.4369313716888428, 0.3137345612049103, -0.03297105059027672, 0.6009919047355652, -1.5334839820861816, -0.4904397130012512, 0.15750473737716675, -0.3541751503944397, 0.8954702615737915, -0.9780077934265137, -0.0175127312541008, 0.15738651156425476, -1.557838797569275, 0.2611536681652069, 0.4027826488018036, -0.6250942945480347, 0.3108493983745575, -0.5202814340591431, 0.0866224616765976, 0.3836864233016968]
0.46787073658970474;1.3636747598648071;[-0.959516167640686, 0.14936591684818268, -0.3178057074546814, 0.19348296523094177, 1.447451114654541, 0.3124956488609314, -0.02978524938225746, 0.6001136302947998, -1.5349520444869995, -0.4919147193431854, 0.15834248065948486, -0.3541151285171509, 0.8885490894317627, -0.9777045845985413, -0.013572531752288342, 0.15474222600460052, -1.5638271570205688, 0.26171544194221497, 0.4035521149635315, -0.6281536817550659, 0.30796635150909424, -0.5242271423339844, 0.08763022720813751, 0.38534873723983765]
0.46782362861828747;1.3756451606750488;[-0.9630049467086792, 0.15707571804523468, -0.31714490056037903, 0.18528100848197937, 1.4579256772994995, 0.31127384305000305, -0.02662745490670204, 0.599342405796051, -1.5364378690719604, -0.49354317784309387, 0.15924951434135437, -0.35414040088653564, 0.8816884756088257, -0.9774740934371948, -0.009176702238619328, 0.15222932398319244, -1.5697031021118164, 0.2622692286968231, 0.40450382232666016, -0.6312707662582397, 0.305154025554657, -0.5281831622123718, 0.08858305960893631, 0.3872792422771454]
0.4677890245100288;1.3877379894256592;[-0.9666131138801575, 0.1648867428302765, -0.3164363205432892, 0.17692379653453827, 1.4681593179702759, 0.30973339080810547, -0.023157954216003418, 0.5988103747367859, -1.5380393266677856, -0.49544405937194824, 0.16040661931037903, -0.3545030951499939, 0.8749569058418274, -0.976614236831665, -0.004130485467612743, 0.14981898665428162, -1.5754858255386353, 0.26272696256637573, 0.40592560172080994, -0.6347346305847168, 0.3016665279865265, -0.5323641300201416, 0.08926071971654892, 0.38941866159439087]
0.46783896814319975;1.3997652530670166;[-0.9702851176261902, 0.17256607115268707, -0.31587690114974976, 0.16842533648014069, 1.4780648946762085, 0.3075031638145447, -0.019538572058081627, 0.5986102819442749, -1.539534568786621, -0.4974752366542816, 0.16173310577869415, -0.35528048872947693, 0.8682881593704224, -0.9744414687156677, 0.0006366103189066052, 0.14793695509433746, -1.5814720392227173, 0.2629922330379486, 0.40745753049850464, -0.6387051939964294, 0.2970060110092163, -0.5368131995201111, 0.08926543593406677, 0.3914142847061157]
0.4680013465106024;1.4107102155685425;[-0.9705367684364319, 0.17679111659526825, -0.3150020241737366, 0.16085787117481232, 1.4886198043823242, 0.3044656217098236, -0.015298484824597836, 0.5974675416946411, -1.5403159856796265, -0.4997231066226959, 0.16152144968509674, -0.3570406138896942, 0.8633654117584229, -0.9722375869750977, 0.003986899275332689, 0.14613188803195953, -1.5862782001495361, 0.26370057463645935, 0.4092909097671509, -0.642867386341095, 0.29064616560935974, -0.5381864905357361, 0.09053172171115875, 0.39338889718055725]
0.4681229175740986;1.4206408262252808;[-0.968161404132843, 0.1801796406507492, -0.31362855434417725, 0.15368390083312988, 1.4994564056396484, 0.30337363481521606, -0.01172590907663107, 0.5955033302307129, -1.5402443408966064, -0.5012921094894409, 0.1599591076374054, -0.35796019434928894, 0.8603551387786865, -0.9720752239227295, 0.006236152723431587, 0.14539965987205505, -1.589171290397644, 0.2647368907928467, 0.4120934307575226, -0.6456491351127625, 0.2830927073955536, -0.5374516248703003, 0.09210477024316788, 0.39587247371673584]
0.46824405796723934;1.4305663108825684;[-0.9656842947006226, 0.18352200090885162, -0.3122783303260803, 0.14644424617290497, 1.5101970434188843, 0.30233290791511536, -0.00819172989577055, 0.5936331748962402, -1.540196418762207, -0.5028428435325623, 0.15841814875602722, -0.3589826822280884, 0.8572993874549866, -0.9718589782714844, 0.008430556394159794, 0.14474421739578247, -1.592137098312378, 0.2658206820487976, 0.4149989187717438, -0.6482423543930054, 0.2755046784877777, -0.5366241335868835, 0.09368763118982315, 0.39836597442626953]
0.4682151617279818;1.4396971464157104;[-0.9648361206054688, 0.18526500463485718, -0.3115825355052948, 0.13941839337348938, 1.520647644996643, 0.3008815050125122, -0.004957204218953848, 0.590907633304596, -1.5400848388671875, -0.5033797025680542, 0.15776392817497253, -0.35898488759994507, 0.8539444208145142, -0.9708600044250488, 0.009031894616782665, 0.14521341025829315, -1.5945276021957397, 0.2672409415245056, 0.4184180498123169, -0.6492238640785217, 0.26817846298217773, -0.5369338393211365, 0.09448184072971344, 0.39953476190567017]
0.4682910108307252;1.4494975805282593;[-0.9644867181777954, 0.18448837101459503, -0.31074145436286926, 0.1318691372871399, 1.5310076475143433, 0.29874947667121887, -0.002004829002544284, 0.5882911086082458, -1.5404911041259766, -0.5035950541496277, 0.1551402509212494, -0.35966992378234863, 0.851317286491394, -0.9695126414299011, 0.008904330432415009, 0.14604714512825012, -1.5964661836624146, 0.2686665654182434, 0.42186951637268066, -0.6497114896774292, 0.2602784335613251, -0.5414089560508728, 0.09605955332517624, 0.40016528964042664]
0.4681458852771953;1.4597644805908203;[-0.964642345905304, 0.18225707113742828, -0.3093947470188141, 0.12432943284511566, 1.5413767099380493, 0.29641324281692505, 0.000928176217712462, 0.5844560861587524, -1.5412474870681763, -0.5043977499008179, 0.15269388258457184, -0.3611604869365692, 0.8485386967658997, -0.9685370326042175, 0.009260945953428745, 0.14666061103343964, -1.598237156867981, 0.270766019821167, 0.4255348742008209, -0.6492719054222107, 0.2523967921733856, -0.5488227605819702, 0.09879670292139053, 0.4016401767730713]
0.46797427934123853;1.4687076807022095;[-0.9636600613594055, 0.18190288543701172, -0.3081693649291992, 0.11718259006738663, 1.54900062084198, 0.2937471568584442, 0.0038784837815910578, 0.5812942981719971, -1.5427302122116089, -0.505246102809906, 0.15030457079410553, -0.3620654344558716, 0.8461102247238159, -0.9696040749549866, 0.008679373189806938, 0.14902372658252716, -1.606581687927246, 0.2726307213306427, 0.4307563304901123, -0.6485258340835571, 0.24481548368930817, -0.5569940209388733, 0.1032574325799942, 0.40308111906051636]
0.46777942238731895;1.4775632619857788;[-0.9627770781517029, 0.1806984543800354, -0.30682405829429626, 0.11029268801212311, 1.5567408800125122, 0.2910316586494446, 0.006909883581101894, 0.5782444477081299, -1.5444109439849854, -0.5062500834465027, 0.1480562835931778, -0.36261045932769775, 0.8438331484794617, -0.9709192514419556, 0.00892625842243433, 0.15091180801391602, -1.6148555278778076, 0.27443888783454895, 0.4361192286014557, -0.647539496421814, 0.2374487817287445, -0.5648804903030396, 0.10791768878698349, 0.4047013223171234]
0.46757768056972415;1.4864368438720703;[-0.9623080492019653, 0.17794473469257355, -0.30522799491882324, 0.10398435592651367, 1.5647680759429932, 0.2882744073867798, 0.010032749734818935, 0.575093686580658, -1.5463868379592896, -0.5077095031738281, 0.14606492221355438, -0.3617636561393738, 0.8418974280357361, -0.9725357294082642, 0.010204562917351723, 0.15281572937965393, -1.6234843730926514, 0.27615252137184143, 0.44180434942245483, -0.6453688144683838, 0.23080988228321075, -0.5723342895507812, 0.11300411820411682, 0.40644246339797974]
0.46748695101081117;1.4950780868530273;[-0.961867094039917, 0.17550554871559143, -0.30369120836257935, 0.09775768220424652, 1.5727695226669312, 0.2853892147541046, 0.013049475848674774, 0.5715441107749939, -1.5483882427215576, -0.5091278553009033, 0.14453154802322388, -0.360213965177536, 0.8402434587478638, -0.9747565388679504, 0.01169697567820549, 0.15545055270195007, -1.6320440769195557, 0.2780994772911072, 0.4455147683620453, -0.6441072225570679, 0.2243013232946396, -0.5794883370399475, 0.11907707899808884, 0.4082011878490448]
0.46747835143285993;1.503570556640625;[-0.9614469408988953, 0.17310327291488647, -0.3022860884666443, 0.09149037301540375, 1.5806951522827148, 0.28233423829078674, 0.015962786972522736, 0.5676901936531067, -1.5504229068756104, -0.5105211138725281, 0.14316602051258087, -0.3584177494049072, 0.8387425541877747, -0.9776705503463745, 0.013461153022944927, 0.15859338641166687, -1.6404858827590942, 0.2802900969982147, 0.44735532999038696, -0.6432573199272156, 0.21780571341514587, -0.5864635109901428, 0.12575294077396393, 0.4100976884365082]
0.46748685996478206;1.5121045112609863;[-0.9610939025878906, 0.17078106105327606, -0.3007051348686218, 0.08519481867551804, 1.5885887145996094, 0.2792608141899109, 0.018847474828362465, 0.5637403726577759, -1.5524160861968994, -0.5119492411613464, 0.14179369807243347, -0.35653385519981384, 0.8373069763183594, -0.9805586934089661, 0.015305466949939728, 0.16180633008480072, -1.648992657661438, 0.28244057297706604, 0.44922736287117004, -0.6424757242202759, 0.21132563054561615, -0.5934288501739502, 0.13256116211414337, 0.41193947196006775]
0.46750647858247674;1.5206034183502197;[-0.9606972336769104, 0.1684049367904663, -0.29917111992836, 0.07886332273483276, 1.5964761972427368, 0.27627289295196533, 0.021783916279673576, 0.5598189234733582, -1.5543698072433472, -0.513506293296814, 0.14037162065505981, -0.35469046235084534, 0.8358209133148193, -0.9833651781082153, 0.017396990209817886, 0.16493462026119232, -1.657483458518982, 0.2846423089504242, 0.4511537253856659, -0.6416339874267578, 0.20474301278591156, -0.6003856062889099, 0.1393333524465561, 0.4138123393058777]
0.46751129259835694;1.5292059183120728;[-0.9604216814041138, 0.16594912111759186, -0.2977205514907837, 0.07250114530324936, 1.604380488395691, 0.2730335593223572, 0.024693747982382774, 0.5558005571365356, -1.5564340353012085, -0.5148673057556152, 0.13895286619663239, -0.3527286648750305, 0.834343671798706, -0.9863414168357849, 0.01929456926882267, 0.16828244924545288, -1.6658939123153687, 0.2868334650993347, 0.4530830681324005, -0.6410127878189087, 0.198224738240242, -0.6072751879692078, 0.146131694316864, 0.4157301187515259]
0.46755036778297787;1.5376887321472168;[-0.9596694707870483, 0.16381822526454926, -0.2962689995765686, 0.06628299504518509, 1.6123976707458496, 0.27006569504737854, 0.02747518941760063, 0.5512846112251282, -1.5585927963256836, -0.5163059830665588, 0.13788345456123352, -0.3522975742816925, 0.833288311958313, -0.9891162514686584, 0.021156109869480133, 0.17198967933654785, -1.674483060836792, 0.28926271200180054, 0.4551554024219513, -0.6400862336158752, 0.19176605343818665, -0.61348557472229, 0.15268245339393616, 0.41761958599090576]
0.4673986034921433;1.5438947677612305;[-0.9589613080024719, 0.16338256001472473, -0.29478907585144043, 0.06314196437597275, 1.6200580596923828, 0.2684583365917206, 0.030795538797974586, 0.548524022102356, -1.559495210647583, -0.5176908373832703, 0.13588514924049377, -0.353316068649292, 0.831804096698761, -0.9930040240287781, 0.020228873938322067, 0.17506225407123566, -1.6828137636184692, 0.29065611958503723, 0.4572505056858063, -0.6357417106628418, 0.1865074187517166, -0.6157152056694031, 0.15821725130081177, 0.41930705308914185]
0.4675401168535803;1.5501762628555298;[-0.9616218209266663, 0.16478735208511353, -0.29424455761909485, 0.060084495693445206, 1.6275814771652222, 0.2668825387954712, 0.034280408173799515, 0.5472520589828491, -1.5617941617965698, -0.5193626880645752, 0.13154236972332, -0.3552836775779724, 0.8288058042526245, -0.9971025586128235, 0.01952182687819004, 0.1779278665781021, -1.6907721757888794, 0.29113882780075073, 0.4563714265823364, -0.6296327114105225, 0.18411019444465637, -0.6157292723655701, 0.16425009071826935, 0.4200783371925354]
0.4676778972919452;1.5568946599960327;[-0.9657637476921082, 0.1653527021408081, -0.29379162192344666, 0.05677270144224167, 1.6355615854263306, 0.26487910747528076, 0.037813033908605576, 0.5459204316139221, -1.5641814470291138, -0.521101713180542, 0.12738285958766937, -0.35663366317749023, 0.8255664706230164, -1.0003306865692139, 0.019204599782824516, 0.18060211837291718, -1.6994115114212036, 0.2915531396865845, 0.45604631304740906, -0.6240957379341125, 0.18113912642002106, -0.6171451807022095, 0.16992507874965668, 0.4208930432796478]
0.4677790525425134;1.5635539293289185;[-0.9697656631469727, 0.1660020500421524, -0.29325076937675476, 0.053350623697042465, 1.6435579061508179, 0.262946218252182, 0.04131540283560753, 0.5447320938110352, -1.566620945930481, -0.5226988196372986, 0.12330053001642227, -0.35787543654441833, 0.822380781173706, -1.003472924232483, 0.018905600532889366, 0.18345913290977478, -1.7079455852508545, 0.29205918312072754, 0.4564538300037384, -0.619410514831543, 0.17741802334785461, -0.6189588308334351, 0.17524895071983337, 0.4216846525669098]
0.4678440841292938;1.5704176425933838;[-0.9746147394180298, 0.16745176911354065, -0.292644739151001, 0.05025318264961243, 1.6517281532287598, 0.2614874243736267, 0.04479247331619263, 0.544553279876709, -1.5692071914672852, -0.5238974690437317, 0.11949481815099716, -0.3589075207710266, 0.8191924691200256, -1.0064359903335571, 0.018074611201882362, 0.18631494045257568, -1.7167582511901855, 0.2922115921974182, 0.4562845230102539, -0.6144290566444397, 0.1736355572938919, -0.6222441792488098, 0.17959937453269958, 0.4220019280910492]
0.46804997755828126;1.5771763324737549;[-0.9787169694900513, 0.1692400723695755, -0.2920905649662018, 0.04766298830509186, 1.659947156906128, 0.2606862187385559, 0.04846219718456268, 0.5444592833518982, -1.5715080499649048, -0.5250191688537598, 0.11610446125268936, -0.36010852456092834, 0.8167238831520081, -1.0097370147705078, 0.01680741459131241, 0.19127078354358673, -1.7255489826202393, 0.29226964712142944, 0.4557975232601166, -0.6124498248100281, 0.16850492358207703, -0.6256304383277893, 0.18333466351032257, 0.422922819852829]
0.4683290452016698;1.5837717056274414;[-0.9824520945549011, 0.17097169160842896, -0.29149129986763, 0.045016247779130936, 1.6680930852890015, 0.2599828243255615, 0.05219990387558937, 0.5441983938217163, -1.5735204219818115, -0.5262923836708069, 0.11296740919351578, -0.36145350337028503, 0.8144518733024597, -1.0131735801696777, 0.015749884769320488, 0.19705992937088013, -1.7342771291732788, 0.29258257150650024, 0.4553864002227783, -0.6117586493492126, 0.16300202906131744, -0.6284852623939514, 0.18705415725708008, 0.42406991124153137]
0.4685796933706153;1.5904815196990967;[-0.9861568212509155, 0.17281104624271393, -0.2909740209579468, 0.042354144155979156, 1.6764216423034668, 0.25929152965545654, 0.05591670796275139, 0.5440382957458496, -1.5754729509353638, -0.5275174975395203, 0.10980144143104553, -0.3628626763820648, 0.8119755983352661, -1.0165112018585205, 0.01474514976143837, 0.2025618702173233, -1.7432475090026855, 0.29277777671813965, 0.4553632140159607, -0.6109298467636108, 0.15770722925662994, -0.6314542889595032, 0.1906251609325409, 0.4250786602497101]
0.4685260634697978;1.5969895124435425;[-0.9897168278694153, 0.17403456568717957, -0.29019564390182495, 0.03990994021296501, 1.6849311590194702, 0.2592695355415344, 0.05987944081425667, 0.5434114933013916, -1.577414631843567, -0.5282063484191895, 0.10741987824440002, -0.3639814555644989, 0.8093953728675842, -1.0200575590133667, 0.013423345051705837, 0.2046528160572052, -1.7522326707839966, 0.29309284687042236, 0.4573536515235901, -0.6105297803878784, 0.15287773311138153, -0.633823037147522, 0.19389967620372772, 0.4260888993740082]
0.4684606131968863;1.603419542312622;[-0.9934916496276855, 0.1753014326095581, -0.28949302434921265, 0.037593014538288116, 1.6934256553649902, 0.25924575328826904, 0.06369906663894653, 0.5428959131240845, -1.579397201538086, -0.528950035572052, 0.10505220293998718, -0.3646235764026642, 0.806816041469574, -1.023512363433838, 0.012164087034761906, 0.206838458776474, -1.7613331079483032, 0.29347220063209534, 0.4594356119632721, -0.6100776791572571, 0.14808079600334167, -0.6361476182937622, 0.1969866156578064, 0.4273289144039154]
0.46832528696654524;1.6108225584030151;[-0.9971966743469238, 0.17675544321537018, -0.2884981334209442, 0.034885965287685394, 1.7019318342208862, 0.2593507766723633, 0.06793811917304993, 0.5419104099273682, -1.5810102224349976, -0.5306118130683899, 0.10346287488937378, -0.3643198013305664, 0.8056122064590454, -1.0278292894363403, 0.00985071063041687, 0.20899957418441772, -1.7704225778579712, 0.2941288352012634, 0.4615021049976349, -0.6099908351898193, 0.14220267534255981, -0.6393554210662842, 0.2005591094493866, 0.42884495854377747]
0.4679902787306935;1.6198458671569824;[-1.0007836818695068, 0.17868928611278534, -0.28658872842788696, 0.031744085252285004, 1.710534691810608, 0.25933852791786194, 0.07311807572841644, 0.540052592754364, -1.5819616317749023, -0.5346025824546814, 0.10351140052080154, -0.3622679114341736, 0.8060058355331421, -1.033462643623352, 0.005511727184057236, 0.21093431115150452, -1.7795836925506592, 0.2952753007411957, 0.46318113803863525, -0.6109622716903687, 0.13437475264072418, -0.6443403363227844, 0.2049865871667862, 0.43043947219848633]
0.46765895741649394;1.6288726329803467;[-1.0041741132736206, 0.18070915341377258, -0.28514572978019714, 0.02867773361504078, 1.7192614078521729, 0.25868934392929077, 0.07831112295389175, 0.5387206673622131, -1.5828825235366821, -0.5393474698066711, 0.10298476368188858, -0.36045747995376587, 0.8057849407196045, -1.0384323596954346, 0.0010445876978337765, 0.21223650872707367, -1.7889212369918823, 0.29626354575157166, 0.4645356237888336, -0.6105149984359741, 0.12711253762245178, -0.6492674946784973, 0.2093896120786667, 0.4321812689304352]
0.46736117529928084;1.637716293334961;[-1.007516622543335, 0.18272042274475098, -0.2836318016052246, 0.025586551055312157, 1.7279342412948608, 0.2579834759235382, 0.08347572386264801, 0.5374354720115662, -1.5838004350662231, -0.5441132187843323, 0.10242833197116852, -0.358763724565506, 0.8055779337882996, -1.0432443618774414, -0.0033755572512745857, 0.21359045803546906, -1.7982062101364136, 0.29711249470710754, 0.46588245034217834, -0.6099680662155151, 0.12006685882806778, -0.654094934463501, 0.21373406052589417, 0.4339562952518463]
0.4670625006545136;1.6465675830841064;[-1.010819673538208, 0.18476031720638275, -0.282050758600235, 0.022501515224575996, 1.736548900604248, 0.2572798728942871, 0.08865023404359818, 0.5361382961273193, -1.5847718715667725, -0.5489005446434021, 0.10184156894683838, -0.3570854663848877, 0.8053377270698547, -1.047979474067688, -0.007700745481997728, 0.21496792137622833, -1.8074396848678589, 0.29803213477134705, 0.467315137386322, -0.6094232201576233, 0.11321145296096802, -0.6589382290840149, 0.21802043914794922, 0.435591459274292]
0.4666932731023713;1.6550770998001099;[-1.0142498016357422, 0.1859150230884552, -0.2801113426685333, 0.019470147788524628, 1.7449398040771484, 0.2560490667819977, 0.09350620955228806, 0.5349281430244446, -1.5860081911087036, -0.5533416867256165, 0.100997693836689, -0.354757696390152, 0.8046661615371704, -1.051971435546875, -0.01198949571698904, 0.21662066876888275, -1.81632661819458, 0.2989308834075928, 0.46974456310272217, -0.6087808609008789, 0.10596305876970291, -0.664255678653717, 0.22204814851284027, 0.4377475082874298]
0.4663280198173338;1.6633470058441162;[-1.0175076723098755, 0.1865517497062683, -0.27848875522613525, 0.01668969914317131, 1.7530454397201538, 0.25481128692626953, 0.09820395708084106, 0.5337682366371155, -1.5879011154174805, -0.556241512298584, 0.0997447818517685, -0.35237422585487366, 0.8032684922218323, -1.0554991960525513, -0.015661263838410378, 0.21838483214378357, -1.8252067565917969, 0.2995871305465698, 0.47225433588027954, -0.608443558216095, 0.0983782485127449, -0.6695464253425598, 0.2261628955602646, 0.44007039070129395]
0.465946483512094;1.6715134382247925;[-1.020788550376892, 0.1873413324356079, -0.27682915329933167, 0.01398920826613903, 1.761233925819397, 0.25364571809768677, 0.10278048366308212, 0.5326476693153381, -1.5897483825683594, -0.5593699216842651, 0.09846197068691254, -0.3501771092414856, 0.8018917441368103, -1.0591331720352173, -0.01925770565867424, 0.2200092375278473, -1.8338792324066162, 0.30052831768989563, 0.4746173620223999, -0.6081339716911316, 0.09107053279876709, -0.6746492385864258, 0.23011831939220428, 0.442107617855072]
0.46558998277104763;1.6795614957809448;[-1.023730993270874, 0.18750908970832825, -0.27534720301628113, 0.010885375551879406, 1.769302248954773, 0.2525043785572052, 0.10748574882745743, 0.5314359068870544, -1.5921581983566284, -0.5615378618240356, 0.0972234308719635, -0.3492524027824402, 0.8001773953437805, -1.062219500541687, -0.022560860961675644, 0.22192727029323578, -1.8423075675964355, 0.30155256390571594, 0.4775465130805969, -0.6080012917518616, 0.08354814350605011, -0.6802180409431458, 0.23406295478343964, 0.4441915452480316]
0.46531244549215783;1.687848687171936;[-1.0257682800292969, 0.18687893450260162, -0.27366718649864197, 0.007386504672467709, 1.7770644426345825, 0.25161507725715637, 0.11235519498586655, 0.5300773978233337, -1.5950745344161987, -0.5630841851234436, 0.09614443778991699, -0.3490740656852722, 0.7983806133270264, -1.0649033784866333, -0.025398975238204002, 0.22353358566761017, -1.850816011428833, 0.30228784680366516, 0.4804936647415161, -0.6080756187438965, 0.07581440359354019, -0.6858482360839844, 0.2376839965581894, 0.44577980041503906]
0.4650367798594387;1.6954741477966309;[-1.0279721021652222, 0.18621189892292023, -0.27223116159439087, 0.004029426723718643, 1.7847567796707153, 0.25070783495903015, 0.11684950441122055, 0.5288338661193848, -1.5980607271194458, -0.5645502209663391, 0.09509202092885971, -0.3490089774131775, 0.7969668507575989, -1.067673921585083, -0.027944210916757584, 0.22551779448986053, -1.8589167594909668, 0.3031150698661804, 0.483984112739563, -0.6080953478813171, 0.06874621659517288, -0.6913247108459473, 0.24136385321617126, 0.44760754704475403]
0.4648383835157265;1.7028266191482544;[-1.0298935174942017, 0.18547627329826355, -0.2706293761730194, 0.0005646520294249058, 1.7923659086227417, 0.24987520277500153, 0.12110297381877899, 0.5278453826904297, -1.6011070013046265, -0.5659496188163757, 0.09386041015386581, -0.3488803803920746, 0.7961440682411194, -1.0704948902130127, -0.03000444360077381, 0.2274932861328125, -1.866973638534546, 0.3040010631084442, 0.48753851652145386, -0.6080116033554077, 0.062321800738573074, -0.6964587569236755, 0.24481730163097382, 0.44937360286712646]
0.464640014553505;1.7100847959518433;[-1.0320031642913818, 0.18478736281394958, -0.26911452412605286, -0.002816180232912302, 1.799849033355713, 0.24917498230934143, 0.12517213821411133, 0.5268268585205078, -1.6040732860565186, -0.5675428509712219, 0.09272125363349915, -0.34864792227745056, 0.7952870726585388, -1.0733948945999146, -0.03225303813815117, 0.2294432371854782, -1.8750622272491455, 0.30475056171417236, 0.4910413324832916, -0.6078864336013794, 0.05594446137547493, -0.7015382647514343, 0.24832923710346222, 0.4512556493282318]
0.4644671571169765;1.7171642780303955;[-1.034111499786377, 0.18441720306873322, -0.26813533902168274, -0.0061806123703718185, 1.8073333501815796, 0.2488541454076767, 0.12897703051567078, 0.5260767340660095, -1.6068259477615356, -0.5682415962219238, 0.09235911071300507, -0.3484819233417511, 0.7944018244743347, -1.0764957666397095, -0.03334488719701767, 0.23180533945560455, -1.882973551750183, 0.3051840662956238, 0.4947783350944519, -0.6087191104888916, 0.049432188272476196, -0.7062293291091919, 0.2515103220939636, 0.45266446471214294]
0.46429589342402994;1.723855972290039;[-1.0367438793182373, 0.1847205013036728, -0.2674761712551117, -0.009406805969774723, 1.8149555921554565, 0.24857567250728607, 0.1322249174118042, 0.5260659456253052, -1.609766960144043, -0.5684911608695984, 0.09246783703565598, -0.3483226001262665, 0.7932962775230408, -1.079830288887024, -0.033388763666152954, 0.23433925211429596, -1.8908188343048096, 0.3052944839000702, 0.49821650981903076, -0.6091867089271545, 0.043320219963788986, -0.710808277130127, 0.2547568380832672, 0.4530409574508667]
0.4642370341147474;1.737360954284668;[-1.039062261581421, 0.1834699511528015, -0.2681228220462799, -0.01512076985090971, 1.8234716653823853, 0.24926652014255524, 0.13647949695587158, 0.5238479971885681, -1.6106821298599243, -0.5692841410636902, 0.09037671238183975, -0.34810203313827515, 0.7911214232444763, -1.0822348594665527, -0.03489804267883301, 0.2352742850780487, -1.8989819288253784, 0.30661800503730774, 0.5031421780586243, -0.6092191338539124, 0.03426743671298027, -0.7155745625495911, 0.25817325711250305, 0.4593922197818756]
0.4641615642776369;1.7585805654525757;[-1.0396525859832764, 0.1789511740207672, -0.2711971402168274, -0.02304893359541893, 1.8332034349441528, 0.25000816583633423, 0.14178064465522766, 0.5191764235496521, -1.6093136072158813, -0.5729546546936035, 0.0874345526099205, -0.348078191280365, 0.7863359451293945, -1.0833827257156372, -0.03637845441699028, 0.23298293352127075, -1.908206820487976, 0.3092346787452698, 0.5095347166061401, -0.6096804141998291, 0.020265858620405197, -0.7204944491386414, 0.2609902322292328, 0.47319552302360535]
0.4640117321973922;1.7777546644210815;[-1.0403188467025757, 0.17601215839385986, -0.2761334180831909, -0.030710749328136444, 1.843467354774475, 0.2491517812013626, 0.1451079547405243, 0.5152795314788818, -1.6076955795288086, -0.5760055780410767, 0.0843106210231781, -0.3480488657951355, 0.7822608351707458, -1.083621621131897, -0.03788038715720177, 0.22970469295978546, -1.916952133178711, 0.3113965392112732, 0.5165846347808838, -0.6115176677703857, 0.006768233608454466, -0.7243947982788086, 0.26359668374061584, 0.483654648065567]
0.46468616764974485;1.799938440322876;[-1.0411572456359863, 0.17322538793087006, -0.2805468738079071, -0.041043587028980255, 1.8566471338272095, 0.24922217428684235, 0.14568912982940674, 0.5121110081672668, -1.6042650938034058, -0.58122318983078, 0.08179173618555069, -0.34794881939888, 0.7795910239219666, -1.083818793296814, -0.030566086992621422, 0.22628632187843323, -1.9250720739364624, 0.3132035434246063, 0.5219601988792419, -0.6134054660797119, -0.005685065407305956, -0.727604329586029, 0.26596546173095703, 0.49295565485954285]
0.4656613765726855;1.821774959564209;[-1.0424073934555054, 0.1727830469608307, -0.28275009989738464, -0.05221346765756607, 1.8690673112869263, 0.2512437403202057, 0.14465740323066711, 0.5103224515914917, -1.5998716354370117, -0.5877168774604797, 0.07915498316287994, -0.34790274500846863, 0.777220606803894, -1.0845260620117188, -0.02263788692653179, 0.22255493700504303, -1.933683156967163, 0.31421273946762085, 0.527434229850769, -0.6162926554679871, -0.01725354790687561, -0.7297918200492859, 0.2668352425098419, 0.502190887928009]
0.46628342604602135;1.8414714336395264;[-1.045174479484558, 0.17255887389183044, -0.28590840101242065, -0.06317911297082901, 1.8810044527053833, 0.2519559860229492, 0.1435694545507431, 0.5077928304672241, -1.5949593782424927, -0.594174325466156, 0.07721609622240067, -0.3478843569755554, 0.7752317786216736, -1.0851279497146606, -0.01913383975625038, 0.21894879639148712, -1.9416571855545044, 0.31563571095466614, 0.5324613451957703, -0.6180778741836548, -0.028127266094088554, -0.7336593270301819, 0.26800963282585144, 0.5088080167770386]
0.46682383552289863;1.8599003553390503;[-1.0469187498092651, 0.17288632690906525, -0.28924012184143066, -0.07393255829811096, 1.893274188041687, 0.2534034252166748, 0.14242930710315704, 0.5051242113113403, -1.591129183769226, -0.5998331308364868, 0.07490679621696472, -0.34778815507888794, 0.7728583216667175, -1.086726427078247, -0.01717538759112358, 0.21616393327713013, -1.948768138885498, 0.31708967685699463, 0.5373789668083191, -0.6192916631698608, -0.03801076486706734, -0.7372133135795593, 0.26954278349876404, 0.5152443647384644]
0.46737889106289543;1.878774642944336;[-1.0473215579986572, 0.17351649701595306, -0.2929963171482086, -0.08516333252191544, 1.905724048614502, 0.25541678071022034, 0.14162595570087433, 0.5022110342979431, -1.5884140729904175, -0.6050732731819153, 0.0720595121383667, -0.3477557599544525, 0.7700855135917664, -1.0890164375305176, -0.015457017347216606, 0.2135869860649109, -1.9551732540130615, 0.3186618685722351, 0.5422959327697754, -0.6201059222221375, -0.047408655285835266, -0.7405111789703369, 0.27134254574775696, 0.5223720669746399]
0.46771440944975595;1.8976337909698486;[-1.0481605529785156, 0.17392036318778992, -0.29817280173301697, -0.09464065730571747, 1.9176231622695923, 0.2563038170337677, 0.1410963088274002, 0.4987397789955139, -1.5865726470947266, -0.6101216077804565, 0.06840699166059494, -0.3476869761943817, 0.7662352919578552, -1.0904271602630615, -0.01227700337767601, 0.21253177523612976, -1.961602807044983, 0.3205467462539673, 0.5474801659584045, -0.620315432548523, -0.058023758232593536, -0.74507075548172, 0.2730623185634613, 0.5298133492469788]
0.4681530197837174;1.9154164791107178;[-1.0486360788345337, 0.173775315284729, -0.304801344871521, -0.10293616354465485, 1.928922176361084, 0.25710514187812805, 0.14038732647895813, 0.4962347447872162, -1.5848333835601807, -0.6152400374412537, 0.06529705971479416, -0.34760743379592896, 0.7628474831581116, -1.091498851776123, -0.008627274073660374, 0.21357713639736176, -1.96870756149292, 0.32178863883018494, 0.5529245138168335, -0.6201704144477844, -0.06779780983924866, -0.7498446702957153, 0.27431461215019226, 0.5368582606315613]
0.46855063431612454;1.9308099746704102;[-1.0492404699325562, 0.1737518012523651, -0.3100392818450928, -0.11082278192043304, 1.9399603605270386, 0.2567253112792969, 0.13995429873466492, 0.49397268891334534, -1.5837786197662354, -0.6198821663856506, 0.06355581432580948, -0.3475129008293152, 0.7611277103424072, -1.0931757688522339, -0.005803796928375959, 0.21514356136322021, -1.9760195016860962, 0.32308030128479004, 0.5581433176994324, -0.620638906955719, -0.07600001990795135, -0.7545445561408997, 0.2768264412879944, 0.5429754257202148]
0.468842315237769;1.9439821243286133;[-1.0502573251724243, 0.17371675372123718, -0.3122616708278656, -0.11804567277431488, 1.9508711099624634, 0.2551772892475128, 0.13997822999954224, 0.49093741178512573, -1.5839571952819824, -0.6237442493438721, 0.06282022595405579, -0.3473564386367798, 0.7604990005493164, -1.0947723388671875, -0.0038288370706140995, 0.21696200966835022, -1.9837411642074585, 0.32480132579803467, 0.5628498196601868, -0.6214759349822998, -0.08264271914958954, -0.7588792443275452, 0.2798793911933899, 0.5479217171669006]
0.4686728084606288;1.9541229009628296;[-1.051053762435913, 0.17271383106708527, -0.3136042356491089, -0.11989803612232208, 1.9621970653533936, 0.2538761794567108, 0.13948875665664673, 0.48914581537246704, -1.5841357707977295, -0.624211847782135, 0.06283773481845856, -0.34718674421310425, 0.7604951858520508, -1.0965518951416016, -0.0017239388544112444, 0.21750099956989288, -1.9916428327560425, 0.3255675137042999, 0.5667821764945984, -0.6221579313278198, -0.08786311000585556, -0.7617955803871155, 0.2817423939704895, 0.5484817624092102]
0.46835291919476946;1.9644012451171875;[-1.0514928102493286, 0.17193681001663208, -0.3179553747177124, -0.11972033232450485, 1.9738235473632812, 0.2531733214855194, 0.13966496288776398, 0.48758465051651, -1.5839608907699585, -0.623757541179657, 0.06360176205635071, -0.34717682003974915, 0.7614636421203613, -1.098905324935913, 0.00018710640142671764, 0.2166135460138321, -1.999787449836731, 0.3259775936603546, 0.5699693560600281, -0.6228765249252319, -0.09411265701055527, -0.7637086510658264, 0.2834067940711975, 0.5487594604492188]
0.46801923298473175;1.97462797164917;[-1.0518791675567627, 0.1711769998073578, -0.32236248254776, -0.11950773000717163, 1.985275387763977, 0.2524476945400238, 0.1398845613002777, 0.48601287603378296, -1.5837852954864502, -0.6232379078865051, 0.06452254951000214, -0.3471338450908661, 0.7624870538711548, -1.1012998819351196, 0.0023379125632345676, 0.21558021008968353, -2.00801157951355, 0.32637840509414673, 0.5731670260429382, -0.623738706111908, -0.1004907563328743, -0.7656664252281189, 0.28507199883461, 0.5489070415496826]
0.4676802446317213;1.9848809242248535;[-1.0522509813308716, 0.17039243876934052, -0.32683852314949036, -0.11940599977970123, 1.9965647459030151, 0.2516540288925171, 0.14010445773601532, 0.4844527542591095, -1.5836001634597778, -0.6229895353317261, 0.06544649600982666, -0.34713268280029297, 0.7635964155197144, -1.103824496269226, 0.004514641128480434, 0.21449455618858337, -2.01629900932312, 0.32688096165657043, 0.5764753222465515, -0.6246161460876465, -0.10698404908180237, -0.7677095532417297, 0.28677165508270264, 0.549048900604248]
0.46735712591817896;1.9949473142623901;[-1.0525788068771362, 0.16921009123325348, -0.3304245173931122, -0.11928118765354156, 2.0076797008514404, 0.25079721212387085, 0.14021949470043182, 0.4824860394001007, -1.5835943222045898, -0.6225533485412598, 0.06658370792865753, -0.347135454416275, 0.7648643255233765, -1.1061115264892578, 0.0063032181933522224, 0.21345113217830658, -2.0247292518615723, 0.3272605538368225, 0.579713761806488, -0.6259393095970154, -0.1135009229183197, -0.7698619961738586, 0.2883860766887665, 0.5493292808532715]
0.4670392461960006;2.004856586456299;[-1.052923560142517, 0.1676078885793686, -0.3335058093070984, -0.11923277378082275, 2.0186479091644287, 0.2502179741859436, 0.14003024995326996, 0.4805040657520294, -1.583862543106079, -0.6220270395278931, 0.0675109326839447, -0.34705647826194763, 0.7659716606140137, -1.1085017919540405, 0.008187789469957352, 0.21251435577869415, -2.0332908630371094, 0.32793885469436646, 0.5830150246620178, -0.6271872520446777, -0.11973109096288681, -0.7723461985588074, 0.28994423151016235, 0.5496100783348083]
0.4667684463559266;2.0144941806793213;[-1.0535829067230225, 0.16571448743343353, -0.3364273011684418, -0.11964817345142365, 2.029402256011963, 0.25054433941841125, 0.13954122364521027, 0.47860053181648254, -1.5839980840682983, -0.621681809425354, 0.06798182427883148, -0.34705400466918945, 0.7666032910346985, -1.111696720123291, 0.010600880719721317, 0.21231088042259216, -2.0417428016662598, 0.32919326424598694, 0.5868753790855408, -0.6282318234443665, -0.12505297362804413, -0.7750447392463684, 0.29123830795288086, 0.550736665725708]
0.4665287627225769;2.024014472961426;[-1.054429054260254, 0.16400504112243652, -0.3394106328487396, -0.12042410671710968, 2.040022134780884, 0.2509073317050934, 0.1390359252691269, 0.4766143560409546, -1.584004282951355, -0.6220120787620544, 0.06837280839681625, -0.34693723917007446, 0.7671859860420227, -1.1149277687072754, 0.01308298297226429, 0.21217720210552216, -2.0501794815063477, 0.33066558837890625, 0.5909815430641174, -0.6291041970252991, -0.13013756275177002, -0.7777959704399109, 0.29261162877082825, 0.5525960326194763]
0.46629486954498395;2.0335440635681152;[-1.0552165508270264, 0.16225565969944, -0.3423765301704407, -0.12123768776655197, 2.0505828857421875, 0.2514033913612366, 0.13855570554733276, 0.47458723187446594, -1.5839627981185913, -0.6222583055496216, 0.06888683140277863, -0.3468821048736572, 0.7677381038665771, -1.118141770362854, 0.015654264017939568, 0.21203991770744324, -2.0587077140808105, 0.3321833312511444, 0.5951293706893921, -0.630053699016571, -0.13536472618579865, -0.780494749546051, 0.2939087152481079, 0.5545161962509155]
0.46605127830966414;2.043137788772583;[-1.0561192035675049, 0.16048632562160492, -0.34544283151626587, -0.12200188636779785, 2.061086654663086, 0.25185802578926086, 0.13806316256523132, 0.4725026786327362, -1.583951473236084, -0.6225016117095947, 0.0692988857626915, -0.3467840552330017, 0.7683740258216858, -1.1213735342025757, 0.018230093643069267, 0.21183626353740692, -2.0672852993011475, 0.33370912075042725, 0.5993653535842896, -0.6309579610824585, -0.140680730342865, -0.7832649350166321, 0.2952664792537689, 0.556560218334198]
0.46580581388043346;2.0527384281158447;[-1.0569766759872437, 0.15862274169921875, -0.3485477566719055, -0.12282616645097733, 2.0715417861938477, 0.25239288806915283, 0.13754355907440186, 0.4704549312591553, -1.5839271545410156, -0.6227710843086243, 0.06982001662254333, -0.34674644470214844, 0.7690305709838867, -1.1246922016143799, 0.020889457315206528, 0.21164852380752563, -2.07590389251709, 0.3353263735771179, 0.6036780476570129, -0.6319361925125122, -0.14606675505638123, -0.7860539555549622, 0.29663094878196716, 0.5585517883300781]
0.46554701141427896;2.0623693466186523;[-1.05788254737854, 0.1567641943693161, -0.35173532366752625, -0.12364451587200165, 2.0819573402404785, 0.25283363461494446, 0.13702403008937836, 0.4683606028556824, -1.5839344263076782, -0.6230658292770386, 0.07030057907104492, -0.34664541482925415, 0.7696945667266846, -1.1279792785644531, 0.023612624034285545, 0.21128708124160767, -2.08459210395813, 0.3369974195957184, 0.6079888939857483, -0.632849395275116, -0.15156278014183044, -0.7888990044593811, 0.29794618487358093, 0.5606316328048706]
0.4652415001848239;2.0729458332061768;[-1.058534026145935, 0.15398818254470825, -0.35495421290397644, -0.124750055372715, 2.092653751373291, 0.25361624360084534, 0.13686788082122803, 0.46625199913978577, -1.58367121219635, -0.6235342025756836, 0.07106815278530121, -0.3465826213359833, 0.7695257067680359, -1.1317112445831299, 0.026607707142829895, 0.21010415256023407, -2.093268632888794, 0.338400661945343, 0.612490177154541, -0.6341037154197693, -0.1574568897485733, -0.7919040322303772, 0.29906800389289856, 0.5629565715789795]
0.4648394198960657;2.0861237049102783;[-1.0584096908569336, 0.14911532402038574, -0.35826247930526733, -0.12699270248413086, 2.104278326034546, 0.25550150871276855, 0.13791494071483612, 0.46364834904670715, -1.5825787782669067, -0.624173104763031, 0.0718580111861229, -0.34661611914634705, 0.7665512561798096, -1.1367202997207642, 0.029948502779006958, 0.2061511129140854, -2.1019177436828613, 0.3386062681674957, 0.6173960566520691, -0.6362993717193604, -0.16440264880657196, -0.7954015731811523, 0.3002574145793915, 0.5664525032043457]
0.46442123800363716;2.098914384841919;[-1.0583202838897705, 0.14625178277492523, -0.3616065979003906, -0.12940603494644165, 2.115576982498169, 0.25764790177345276, 0.13842758536338806, 0.4608798325061798, -1.581397533416748, -0.6242457628250122, 0.07102586328983307, -0.34656113386154175, 0.7631303668022156, -1.1415936946868896, 0.03264890983700752, 0.2029983401298523, -2.110729932785034, 0.3396120071411133, 0.622626006603241, -0.6379644274711609, -0.17176003754138947, -0.7988413572311401, 0.30297616124153137, 0.5697522759437561]
0.46397935563061415;2.1116089820861816;[-1.0584913492202759, 0.1433647871017456, -0.36511436104774475, -0.13184179365634918, 2.126613140106201, 0.2596110999584198, 0.138632133603096, 0.45825719833374023, -1.5801775455474854, -0.6242949366569519, 0.07004701346158981, -0.34655359387397766, 0.759584367275238, -1.1462633609771729, 0.03548621013760567, 0.2001902312040329, -2.119565010070801, 0.34092336893081665, 0.6280012130737305, -0.6397635340690613, -0.17942026257514954, -0.8024497628211975, 0.30575624108314514, 0.572817862033844]
0.4635652580673216;2.12429141998291;[-1.0593485832214355, 0.14049328863620758, -0.3686242699623108, -0.13438762724399567, 2.1373839378356934, 0.26126155257225037, 0.13886260986328125, 0.4556337296962738, -1.5784817934036255, -0.6243644952774048, 0.06908924132585526, -0.3465646505355835, 0.756547212600708, -1.1507655382156372, 0.03837195038795471, 0.19703549146652222, -2.1287217140197754, 0.34214743971824646, 0.6332480907440186, -0.6416070461273193, -0.18705767393112183, -0.8062286376953125, 0.308516263961792, 0.5758845806121826]
0.463024927908878;2.1376349925994873;[-1.0595955848693848, 0.1375913918018341, -0.3720233738422394, -0.1368820071220398, 2.1480987071990967, 0.26284563541412354, 0.13938961923122406, 0.4526657164096832, -1.576499581336975, -0.6244543790817261, 0.06913165748119354, -0.34656837582588196, 0.7537398338317871, -1.1554627418518066, 0.04164382815361023, 0.19359280169010162, -2.137925386428833, 0.34330180287361145, 0.6400638222694397, -0.6432422399520874, -0.1947164237499237, -0.8097543716430664, 0.3113442063331604, 0.5789331793785095]
0.4624083924333388;2.150493860244751;[-1.0589876174926758, 0.13443879783153534, -0.37763676047325134, -0.13832473754882812, 2.1586179733276367, 0.2635737657546997, 0.13968995213508606, 0.4507024884223938, -1.5742864608764648, -0.6244663596153259, 0.06772729009389877, -0.34662264585494995, 0.7507673501968384, -1.1597191095352173, 0.044303473085165024, 0.1901533007621765, -2.1465156078338623, 0.34511086344718933, 0.6462429761886597, -0.6460580825805664, -0.20256978273391724, -0.8127772808074951, 0.3143969178199768, 0.5818385481834412]
0.461811131960425;2.1627113819122314;[-1.058057427406311, 0.13097256422042847, -0.385532021522522, -0.1387200653553009, 2.1689274311065674, 0.2638436555862427, 0.1398085653781891, 0.4498315751552582, -1.5716404914855957, -0.6242953538894653, 0.06448102742433548, -0.3465977907180786, 0.7477808594703674, -1.1639156341552734, 0.045894771814346313, 0.18665674328804016, -2.154667377471924, 0.34737446904182434, 0.6508440375328064, -0.6502002477645874, -0.20994243025779724, -0.8154014348983765, 0.3177963197231293, 0.5848639011383057]
0.4612486976640335;2.1741855144500732;[-1.0571194887161255, 0.1291065812110901, -0.39343976974487305, -0.13915954530239105, 2.179234504699707, 0.26439446210861206, 0.1399301290512085, 0.4490109086036682, -1.5688236951828003, -0.6241654753684998, 0.06141435354948044, -0.34661877155303955, 0.7450464963912964, -1.1677803993225098, 0.04731496050953865, 0.1828690618276596, -2.1629140377044678, 0.3490985929965973, 0.6556509137153625, -0.6541388034820557, -0.21612608432769775, -0.8174367547035217, 0.3205793499946594, 0.5874504446983337]
0.46060050869476354;2.1858069896698;[-1.0546965599060059, 0.1294843554496765, -0.4022600054740906, -0.1390855461359024, 2.1887736320495605, 0.26386380195617676, 0.13791526854038239, 0.44740477204322815, -1.5661966800689697, -0.6242660880088806, 0.05926286801695824, -0.3466833531856537, 0.7409311532974243, -1.170414924621582, 0.04901609197258949, 0.17939762771129608, -2.172271490097046, 0.3501446545124054, 0.6610106229782104, -0.656895637512207, -0.2231747806072235, -0.8187878727912903, 0.3229602873325348, 0.5893226861953735]
0.45996577159323065;2.197463274002075;[-1.052495002746582, 0.12960416078567505, -0.4103776216506958, -0.1391649693250656, 2.198594570159912, 0.2634885311126709, 0.13623397052288055, 0.446079283952713, -1.5630234479904175, -0.6243194341659546, 0.05644351243972778, -0.3466627597808838, 0.7366272807121277, -1.1730897426605225, 0.05074149742722511, 0.17586229741573334, -2.1813979148864746, 0.3508967459201813, 0.6668692231178284, -0.6599667072296143, -0.22989705204963684, -0.8200687766075134, 0.3256377875804901, 0.5912342667579651]
0.45931743652158463;2.209066867828369;[-1.050471544265747, 0.12945733964443207, -0.418096661567688, -0.13946066796779633, 2.2086081504821777, 0.2630353569984436, 0.1348172128200531, 0.4450364410877228, -1.5595918893814087, -0.6243558526039124, 0.053230274468660355, -0.3467327356338501, 0.7322551012039185, -1.17598295211792, 0.05240815505385399, 0.17231063544750214, -2.190277576446533, 0.35179510712623596, 0.6729216575622559, -0.6634451150894165, -0.23621435463428497, -0.8213492631912231, 0.3284060060977936, 0.5930924415588379]
0.45870821652190125;2.2195725440979004;[-1.047991156578064, 0.12876369059085846, -0.42585495114326477, -0.13997098803520203, 2.2174315452575684, 0.26273873448371887, 0.13458432257175446, 0.4439772963523865, -1.5570961236953735, -0.6243671178817749, 0.04999096319079399, -0.34727221727371216, 0.7274991273880005, -1.179013729095459, 0.05389919504523277, 0.16900843381881714, -2.199167013168335, 0.3524337708950043, 0.678960919380188, -0.6668601632118225, -0.2415856570005417, -0.8228630423545837, 0.3307538330554962, 0.5949516892433167]
0.458400920289169;2.226365327835083;[-1.0444822311401367, 0.12600350379943848, -0.43387076258659363, -0.14040382206439972, 2.2211062908172607, 0.26397040486335754, 0.1407407522201538, 0.4440886080265045, -1.557506799697876, -0.6249951720237732, 0.0469466857612133, -0.3490731418132782, 0.7225689888000488, -1.1811764240264893, 0.05493396148085594, 0.16656699776649475, -2.207857131958008, 0.35262566804885864, 0.6837923526763916, -0.670303225517273, -0.24353301525115967, -0.8250723481178284, 0.33188027143478394, 0.5974805951118469]
0.458121907192658;2.233774423599243;[-1.0402166843414307, 0.12088769674301147, -0.4419276714324951, -0.14135268330574036, 2.225126028060913, 0.26469671726226807, 0.14647306501865387, 0.44384488463401794, -1.5581014156341553, -0.6263514161109924, 0.04479258507490158, -0.3504323363304138, 0.7174482345581055, -1.183711290359497, 0.05677080899477005, 0.1626749038696289, -2.2166504859924316, 0.3527694344520569, 0.6879513263702393, -0.6742877960205078, -0.24586212635040283, -0.8274128437042236, 0.3328036665916443, 0.6009489893913269]
0.457826693381439;2.241729259490967;[-1.035635232925415, 0.11368230730295181, -0.44934019446372986, -0.14230693876743317, 2.229358434677124, 0.265103816986084, 0.15199598670005798, 0.44343477487564087, -1.5584819316864014, -0.6273276209831238, 0.04167122393846512, -0.3516252338886261, 0.711894154548645, -1.1868371963500977, 0.059555165469646454, 0.1585681438446045, -2.2255373001098633, 0.3530186414718628, 0.6923198699951172, -0.6785649061203003, -0.24856166541576385, -0.8295043706893921, 0.33469194173812866, 0.6036174297332764]
0.4575622884183775;2.24873685836792;[-1.0309183597564697, 0.10936368256807327, -0.4546724855899811, -0.14425785839557648, 2.2325286865234375, 0.264082670211792, 0.1570606231689453, 0.4430682361125946, -1.5589655637741089, -0.6289055347442627, 0.03734876215457916, -0.3528428077697754, 0.7052286863327026, -1.1896636486053467, 0.061889566481113434, 0.15699556469917297, -2.2338244915008545, 0.3532272279262543, 0.6972667574882507, -0.681369423866272, -0.2531096637248993, -0.8318395614624023, 0.3382890522480011, 0.606322169303894]
0.4573490470105461;2.2553281784057617;[-1.0267359018325806, 0.10573852807283401, -0.459622859954834, -0.1466069221496582, 2.2356045246124268, 0.26298847794532776, 0.1612817347049713, 0.442633718252182, -1.559374213218689, -0.6309553384780884, 0.03274470567703247, -0.3540525734424591, 0.6987898945808411, -1.1924275159835815, 0.06378505378961563, 0.15619230270385742, -2.241800308227539, 0.35347527265548706, 0.7023919224739075, -0.6840097308158875, -0.25770512223243713, -0.8340592980384827, 0.34188559651374817, 0.60933917760849]
0.45715853315890803;2.2616026401519775;[-1.0251444578170776, 0.10295561701059341, -0.4632229506969452, -0.14991648495197296, 2.2389416694641113, 0.2621973156929016, 0.16256611049175262, 0.44194260239601135, -1.558828353881836, -0.6335828304290771, 0.026886237785220146, -0.3563215732574463, 0.6920763850212097, -1.1944092512130737, 0.06502977013587952, 0.1541357785463333, -2.2490224838256836, 0.35385122895240784, 0.7079076170921326, -0.6881555318832397, -0.262129008769989, -0.8354751467704773, 0.3445144295692444, 0.6132639050483704]
0.45681546426692965;2.268582582473755;[-1.0239096879959106, 0.0996788889169693, -0.4670565724372864, -0.15298864245414734, 2.242490768432617, 0.2620808780193329, 0.16418026387691498, 0.4411700367927551, -1.5581698417663574, -0.6357434988021851, 0.02066754549741745, -0.35912731289863586, 0.6854938864707947, -1.19724702835083, 0.06672044098377228, 0.15209634602069855, -2.2564010620117188, 0.3543683886528015, 0.7157869935035706, -0.6926959753036499, -0.2649840712547302, -0.8367642760276794, 0.34765002131462097, 0.6170212030410767]
0.456522139224827;2.275557279586792;[-1.0224460363388062, 0.09652507305145264, -0.4711030423641205, -0.1562168449163437, 2.246203660964966, 0.26198121905326843, 0.16582931578159332, 0.4404960572719574, -1.5575822591781616, -0.6378461718559265, 0.014864460565149784, -0.36197197437286377, 0.6791918277740479, -1.200414776802063, 0.06861669570207596, 0.15009267628192902, -2.2638165950775146, 0.35472071170806885, 0.723366916179657, -0.6974241733551025, -0.2674046456813812, -0.8380019664764404, 0.35073983669281006, 0.62096107006073]
0.4562859781381158;2.282633066177368;[-1.0209319591522217, 0.09317868202924728, -0.4748646318912506, -0.15932105481624603, 2.250110387802124, 0.261803537607193, 0.16781097650527954, 0.44020456075668335, -1.5565452575683594, -0.6393287181854248, 0.009505552239716053, -0.3651335537433624, 0.6733043789863586, -1.2032817602157593, 0.07020426541566849, 0.14814318716526031, -2.271376371383667, 0.3551003932952881, 0.7309070825576782, -0.7019749283790588, -0.2702482044696808, -0.8387872576713562, 0.3538866341114044, 0.6259207725524902]
0.45635750535120595;2.2887487411499023;[-1.019322395324707, 0.08962839096784592, -0.4793972373008728, -0.16205669939517975, 2.253861427307129, 0.26124176383018494, 0.16984793543815613, 0.44134244322776794, -1.5567684173583984, -0.640938401222229, 0.005083016585558653, -0.36797255277633667, 0.6692113876342773, -1.2068235874176025, 0.07246436178684235, 0.14696986973285675, -2.278254270553589, 0.35458242893218994, 0.7365742921829224, -0.7049931287765503, -0.27273812890052795, -0.8394483923912048, 0.35737454891204834, 0.6314087510108948]
0.45646180937122305;2.294224500656128;[-1.0183508396148682, 0.08609326183795929, -0.48397594690322876, -0.16408291459083557, 2.2577359676361084, 0.2593974769115448, 0.1715671718120575, 0.442450612783432, -1.556998372077942, -0.6429902911186218, 0.0010158625664189458, -0.3710668683052063, 0.6665309071540833, -1.2096717357635498, 0.07425323128700256, 0.14545875787734985, -2.284407138824463, 0.3540790379047394, 0.739991307258606, -0.7078827023506165, -0.27554380893707275, -0.8400713205337524, 0.3607175648212433, 0.6353927850723267]
0.4568676658152941;2.29811954498291;[-1.0171054601669312, 0.08225814253091812, -0.4883612096309662, -0.16647833585739136, 2.2615792751312256, 0.2586915194988251, 0.17297431826591492, 0.44449010491371155, -1.5577436685562134, -0.6442030668258667, -0.0028409655205905437, -0.37321022152900696, 0.6647891998291016, -1.2122935056686401, 0.07637026160955429, 0.1448896825313568, -2.290351152420044, 0.3538837730884552, 0.7423398494720459, -0.7094992399215698, -0.27773526310920715, -0.8403205275535583, 0.364195317029953, 0.6393774151802063]
0.45711596084169076;2.3028695583343506;[-1.0164374113082886, 0.07874409854412079, -0.49281173944473267, -0.1675547957420349, 2.2652690410614014, 0.257935106754303, 0.17413172125816345, 0.44566985964775085, -1.558039665222168, -0.6463432908058167, -0.0058856806717813015, -0.3755192160606384, 0.6631525158882141, -1.2159398794174194, 0.07856094837188721, 0.14549000561237335, -2.2950708866119385, 0.35291817784309387, 0.7445878982543945, -0.711817741394043, -0.2801814377307892, -0.8407557606697083, 0.3680548369884491, 0.6434365510940552]
0.457284280802822;2.3076303005218506;[-1.0156550407409668, 0.0757855772972107, -0.496516615152359, -0.16934242844581604, 2.2693357467651367, 0.2568696141242981, 0.17549149692058563, 0.4460838735103607, -1.5578711032867432, -0.6476218700408936, -0.009423178620636463, -0.37764772772789, 0.661302387714386, -1.2188037633895874, 0.07954928278923035, 0.14512215554714203, -2.3003060817718506, 0.35246458649635315, 0.746787428855896, -0.7145413756370544, -0.2827110290527344, -0.8405625820159912, 0.3712100088596344, 0.6462247967720032]
0.45768037904760356;2.311386823654175;[-1.0148022174835205, 0.0721232146024704, -0.5008207559585571, -0.1710854023694992, 2.273125648498535, 0.2562388777732849, 0.17680130898952484, 0.4474504292011261, -1.5584716796875, -0.6493905186653137, -0.011553114280104637, -0.37913408875465393, 0.6605790257453918, -1.2221390008926392, 0.08133140951395035, 0.14630481600761414, -2.3050267696380615, 0.3517952561378479, 0.7482537627220154, -0.716514527797699, -0.28476014733314514, -0.8403628468513489, 0.37451255321502686, 0.6495426297187805]
0.4578345227302624;2.315629482269287;[-1.0143705606460571, 0.06912058591842651, -0.504581868648529, -0.1725524514913559, 2.277278423309326, 0.25520938634872437, 0.17782603204250336, 0.4480522871017456, -1.5583062171936035, -0.6503179669380188, -0.014976367354393005, -0.38132062554359436, 0.6589582562446594, -1.2250714302062988, 0.08256927877664566, 0.1463790386915207, -2.3098583221435547, 0.35150113701820374, 0.750240683555603, -0.7191610932350159, -0.2870763838291168, -0.8403844833374023, 0.377600759267807, 0.6520206332206726]
0.45818137683406474;2.3193047046661377;[-1.0139145851135254, 0.06573253870010376, -0.5087912678718567, -0.17411459982395172, 2.2812235355377197, 0.2546490430831909, 0.17914804816246033, 0.449159175157547, -1.5587481260299683, -0.651790976524353, -0.016972219571471214, -0.3827778995037079, 0.6583654284477234, -1.2284116744995117, 0.08384081721305847, 0.1477348953485489, -2.314455032348633, 0.35106199979782104, 0.7515327334403992, -0.721229612827301, -0.28901544213294983, -0.8400117754936218, 0.3809293210506439, 0.6551011204719543]
0.45831377389265465;2.3232944011688232;[-1.0134342908859253, 0.06265245378017426, -0.5126243829727173, -0.17554481327533722, 2.285435676574707, 0.25372669100761414, 0.17998164892196655, 0.4499504268169403, -1.5585591793060303, -0.6525481343269348, -0.019298819825053215, -0.38487187027931213, 0.6567763090133667, -1.2312244176864624, 0.08538968116044998, 0.14779029786586761, -2.3190701007843018, 0.35071855783462524, 0.7534554600715637, -0.723696768283844, -0.29118016362190247, -0.8401896357536316, 0.3839481770992279, 0.6572093963623047]
0.45854218679344566;2.3265926837921143;[-1.0129504203796387, 0.05941484495997429, -0.517398476600647, -0.17718274891376495, 2.2892491817474365, 0.253508985042572, 0.18125343322753906, 0.45088881254196167, -1.5591589212417603, -0.6534116268157959, -0.019108720123767853, -0.3856612741947174, 0.6558937430381775, -1.234581708908081, 0.08689414709806442, 0.1484842300415039, -2.323526620864868, 0.3504941463470459, 0.7547639012336731, -0.725503146648407, -0.29255062341690063, -0.8400499820709229, 0.38725462555885315, 0.6603371500968933]
0.45842680529033003;2.329575777053833;[-1.0129059553146362, 0.05629719793796539, -0.5205407738685608, -0.17795267701148987, 2.2931935787200928, 0.25241217017173767, 0.18340836465358734, 0.4512561559677124, -1.5595742464065552, -0.6533499956130981, -0.018622517585754395, -0.38720306754112244, 0.6547445058822632, -1.237007975578308, 0.08812075853347778, 0.1482076197862625, -2.327059745788574, 0.35058313608169556, 0.7564219236373901, -0.7275381684303284, -0.2948834002017975, -0.84028160572052, 0.39079639315605164, 0.6618155241012573]
0.4583013381353917;2.336944341659546;[-1.0124304294586182, 0.054231323301792145, -0.5253587961196899, -0.1790543645620346, 2.2973475456237793, 0.25203073024749756, 0.18593904376029968, 0.4505932629108429, -1.5611706972122192, -0.6539537906646729, -0.019036194309592247, -0.38810762763023376, 0.6544773578643799, -1.2405725717544556, 0.08963797986507416, 0.14653140306472778, -2.331068992614746, 0.35055863857269287, 0.7571525573730469, -0.7289416193962097, -0.30034297704696655, -0.8405585885047913, 0.3929781913757324, 0.6632258892059326]
0.4578555961063976;2.348691701889038;[-1.0115301609039307, 0.05292215570807457, -0.532883882522583, -0.18088075518608093, 2.302842617034912, 0.2521902620792389, 0.18786083161830902, 0.4488481283187866, -1.562753438949585, -0.654266357421875, -0.020290935412049294, -0.38852640986442566, 0.6521929502487183, -1.2433571815490723, 0.09121441841125488, 0.14193354547023773, -2.3361756801605225, 0.35230201482772827, 0.7583439350128174, -0.7310887575149536, -0.31010106205940247, -0.8413890600204468, 0.39488711953163147, 0.6665878891944885]
0.4576776840870111;2.352208375930786;[-1.0117506980895996, 0.04923142120242119, -0.5359992384910583, -0.1809130162000656, 2.307152509689331, 0.2512764036655426, 0.18970750272274017, 0.4487248361110687, -1.563145637512207, -0.6539539694786072, -0.021441014483571053, -0.3904353976249695, 0.6509541869163513, -1.2457886934280396, 0.09275331348180771, 0.141603484749794, -2.3390800952911377, 0.35222285985946655, 0.7601497173309326, -0.733257532119751, -0.31037604808807373, -0.84229975938797, 0.397079199552536, 0.6674416065216064]
0.45758924522324224;2.3545947074890137;[-1.0119640827178955, 0.04636974260210991, -0.5379149317741394, -0.18115705251693726, 2.3108460903167725, 0.25061458349227905, 0.19262954592704773, 0.4487811028957367, -1.5640110969543457, -0.6538230180740356, -0.020964249968528748, -0.3920800983905792, 0.6513584852218628, -1.247876524925232, 0.09362924844026566, 0.14105315506458282, -2.3421645164489746, 0.35216185450553894, 0.7612078785896301, -0.7345814108848572, -0.3106602132320404, -0.8424957394599915, 0.40018489956855774, 0.6666640639305115]
0.45748203557630157;2.356663465499878;[-1.0122966766357422, 0.04329301044344902, -0.5397275686264038, -0.18127036094665527, 2.314293622970581, 0.24929052591323853, 0.1950576901435852, 0.44892358779907227, -1.564777135848999, -0.6533511877059937, -0.02082609198987484, -0.3936787247657776, 0.6516461968421936, -1.250418782234192, 0.0950799360871315, 0.14147211611270905, -2.3446285724639893, 0.35175588726997375, 0.7623889446258545, -0.7363196611404419, -0.3112969994544983, -0.8430279493331909, 0.40273168683052063, 0.6659103035926819]
0.4573926081153264;2.3582212924957275;[-1.0119494199752808, 0.040943264961242676, -0.5408477783203125, -0.18212871253490448, 2.3183066844940186, 0.2486361861228943, 0.19774003326892853, 0.4487915337085724, -1.5654836893081665, -0.6532314419746399, -0.020572856068611145, -0.3946388065814972, 0.6516402363777161, -1.2527128458023071, 0.09526946395635605, 0.1408843696117401, -2.347811222076416, 0.35207101702690125, 0.7634122967720032, -0.7377168536186218, -0.3112693130970001, -0.8431737422943115, 0.4056294560432434, 0.6653087139129639]
0.4573258908012659;2.3614139556884766;[-1.0122205018997192, 0.03790212422609329, -0.541810929775238, -0.1823277324438095, 2.32173490524292, 0.2475481778383255, 0.20022965967655182, 0.44898495078086853, -1.5664198398590088, -0.6529131531715393, -0.020028891041874886, -0.3957872688770294, 0.6521037817001343, -1.2552598714828491, 0.09653235226869583, 0.14137424528598785, -2.3500888347625732, 0.35172849893569946, 0.7643452882766724, -0.7390688061714172, -0.31166234612464905, -0.8438165783882141, 0.4082063138484955, 0.6649078726768494]
0.45718302558144525;2.363574266433716;[-1.0123584270477295, 0.03542935475707054, -0.5424709320068359, -0.18274404108524323, 2.3247387409210205, 0.2466522604227066, 0.20259606838226318, 0.44882631301879883, -1.5671178102493286, -0.652714729309082, -0.019923154264688492, -0.3969418406486511, 0.6521163582801819, -1.2574740648269653, 0.09687568247318268, 0.14102932810783386, -2.352722406387329, 0.3519161641597748, 0.7654843330383301, -0.7405972480773926, -0.31170254945755005, -0.8446143865585327, 0.41112202405929565, 0.6645299792289734]
0.4571458661148161;2.365445375442505;[-1.012317180633545, 0.03302321210503578, -0.5435382127761841, -0.18321436643600464, 2.3259828090667725, 0.2457963228225708, 0.20501145720481873, 0.449194997549057, -1.567762017250061, -0.6527900099754333, -0.020283715799450874, -0.3983944356441498, 0.6524187922477722, -1.2595337629318237, 0.09772976487874985, 0.14054599404335022, -2.3553285598754883, 0.35162320733070374, 0.7665725350379944, -0.7419722080230713, -0.3118132948875427, -0.8452357053756714, 0.41365939378738403, 0.6639570593833923]
0.45710077624019774;2.36719012260437;[-1.012465476989746, 0.030567042529582977, -0.5443919897079468, -0.1837371289730072, 2.326404571533203, 0.24498295783996582, 0.20742356777191162, 0.44964638352394104, -1.5684024095535278, -0.6527975797653198, -0.0203874409198761, -0.39960116147994995, 0.6526998281478882, -1.2618104219436646, 0.0982833057641983, 0.14046362042427063, -2.357937812805176, 0.35170432925224304, 0.7676792144775391, -0.7434654831886292, -0.31178832054138184, -0.8459067344665527, 0.4161317050457001, 0.6637789607048035]
0.457085624725051;2.3689215183258057;[-1.0125869512557983, 0.027947597205638885, -0.5454431176185608, -0.1840786337852478, 2.3267982006073, 0.24418993294239044, 0.20981062948703766, 0.45012664794921875, -1.5690070390701294, -0.653008759021759, -0.020735928788781166, -0.4011172652244568, 0.6530452370643616, -1.263974905014038, 0.09915177524089813, 0.14026354253292084, -2.3603997230529785, 0.3512274920940399, 0.7687897086143494, -0.7448262572288513, -0.3118714392185211, -0.8465895652770996, 0.418406218290329, 0.6634576916694641]
0.457104184875926;2.370682954788208;[-1.0127557516098022, 0.025450507178902626, -0.546017050743103, -0.18471816182136536, 2.327086925506592, 0.24363352358341217, 0.21224167943000793, 0.4507092237472534, -1.5696898698806763, -0.6528264284133911, -0.021196505054831505, -0.4022655189037323, 0.6533679366111755, -1.2658476829528809, 0.09969625622034073, 0.14024293422698975, -2.363142967224121, 0.35147616267204285, 0.7698243260383606, -0.7462312579154968, -0.31174638867378235, -0.8471522331237793, 0.42088666558265686, 0.6634413599967957]
0.45704466661850573;2.3723199367523193;[-1.0129574537277222, 0.022948183119297028, -0.5470988750457764, -0.1849728524684906, 2.3275339603424072, 0.24264872074127197, 0.2145889401435852, 0.45105627179145813, -1.570257306098938, -0.6528586149215698, -0.021421076729893684, -0.40384960174560547, 0.6537352800369263, -1.2680186033248901, 0.10057626664638519, 0.13994009792804718, -2.365431070327759, 0.3508438169956207, 0.7709699273109436, -0.7476003170013428, -0.3120037019252777, -0.8478571176528931, 0.423226535320282, 0.6628291606903076]
0.45699027502899703;2.3737497329711914;[-1.0132006406784058, 0.020403768867254257, -0.5479696989059448, -0.18546783924102783, 2.3276467323303223, 0.24192644655704498, 0.2168814092874527, 0.4517533779144287, -1.5709484815597534, -0.6525605916976929, -0.021603664383292198, -0.4050251245498657, 0.6539783477783203, -1.269754409790039, 0.10144158452749252, 0.13973549008369446, -2.367905855178833, 0.3514670729637146, 0.7721027135848999, -0.7490612268447876, -0.3119369447231293, -0.8486030697822571, 0.42576318979263306, 0.6627390384674072]
0.4569904181551343;2.3756332397460938;[-1.0131101608276367, 0.01798013411462307, -0.5489411354064941, -0.1860019564628601, 2.3286659717559814, 0.24139222502708435, 0.21919363737106323, 0.4521261751651764, -1.5714985132217407, -0.6527038812637329, -0.022285792976617813, -0.4063773453235626, 0.6540845632553101, -1.2716621160507202, 0.10206127166748047, 0.13908913731575012, -2.370508909225464, 0.35106879472732544, 0.7731974124908447, -0.750200629234314, -0.311780720949173, -0.8491345643997192, 0.42818787693977356, 0.6626066565513611]
0.45689513043732155;2.3778977394104004;[-1.0129148960113525, 0.016044655814766884, -0.5495249629020691, -0.18656645715236664, 2.329784393310547, 0.2406187355518341, 0.22139820456504822, 0.45210790634155273, -1.571674108505249, -0.6528040170669556, -0.02304406277835369, -0.40784943103790283, 0.6538777351379395, -1.2738672494888306, 0.10231737792491913, 0.13832786679267883, -2.373098373413086, 0.3505669832229614, 0.7745215892791748, -0.7517658472061157, -0.31182289123535156, -0.849635124206543, 0.4306044280529022, 0.6619749665260315]
0.45684023660304274;2.3795735836029053;[-1.0129470825195312, 0.013645228929817677, -0.5502753853797913, -0.18702343106269836, 2.330106258392334, 0.2398405224084854, 0.223751500248909, 0.45242270827293396, -1.5723541975021362, -0.6529273986816406, -0.023226648569107056, -0.40900325775146484, 0.6542348265647888, -1.275991439819336, 0.102981336414814, 0.1380818784236908, -2.375425100326538, 0.3504016697406769, 0.7755858898162842, -0.7531356811523438, -0.3118552267551422, -0.8502951860427856, 0.43296584486961365, 0.6614754796028137]
0.4568317144965372;2.3812174797058105;[-1.0132406949996948, 0.011014235205948353, -0.5508808493614197, -0.1874486207962036, 2.3303139209747314, 0.23929670453071594, 0.22617270052433014, 0.4528942108154297, -1.5730714797973633, -0.6527622938156128, -0.023755986243486404, -0.4102049469947815, 0.6546147465705872, -1.2778688669204712, 0.10359442979097366, 0.13789168000221252, -2.3779146671295166, 0.35050877928733826, 0.7765900492668152, -0.7543681263923645, -0.3117137551307678, -0.8509150147438049, 0.43513402342796326, 0.661472499370575]
0.45677335788802587;2.382718563079834;[-1.0133092403411865, 0.008482485078275204, -0.5520678162574768, -0.1878703087568283, 2.330508232116699, 0.23835457861423492, 0.2283853441476822, 0.4533652365207672, -1.5737425088882446, -0.6528379321098328, -0.02400953322649002, -0.4113909900188446, 0.6549336910247803, -1.2800730466842651, 0.10448990762233734, 0.1379101425409317, -2.3801398277282715, 0.3504262864589691, 0.7776960730552673, -0.7558191418647766, -0.31181687116622925, -0.851612389087677, 0.4373812675476074, 0.6610317826271057]
0.4567858596591907;2.384488821029663;[-1.013425588607788, 0.006030605174601078, -0.5528047680854797, -0.18836471438407898, 2.3308937549591064, 0.23794572055339813, 0.2307928502559662, 0.45390060544013977, -1.574318289756775, -0.6528878808021545, -0.024405501782894135, -0.412600576877594, 0.6551629304885864, -1.281943917274475, 0.10517804324626923, 0.13774065673351288, -2.3827121257781982, 0.3503739833831787, 0.7787283658981323, -0.7571024894714355, -0.31166020035743713, -0.8520881533622742, 0.43983933329582214, 0.6611071825027466]
0.4567248696913568;2.3861939907073975;[-1.0135871171951294, 0.0037039881572127342, -0.5536150336265564, -0.18872171640396118, 2.3313589096069336, 0.2371341586112976, 0.2331169843673706, 0.4542984664440155, -1.5747631788253784, -0.6528345346450806, -0.02466239593923092, -0.41408008337020874, 0.6553595066070557, -1.2839086055755615, 0.10582755506038666, 0.1372370719909668, -2.3851065635681152, 0.3498940169811249, 0.7799047827720642, -0.7583553194999695, -0.3118012845516205, -0.8527058959007263, 0.44238653779029846, 0.6606570482254028]
0.4566753893398457;2.387390375137329;[-1.0133817195892334, 0.0015483942115679383, -0.5543538928031921, -0.1893703192472458, 2.3319687843322754, 0.23654775321483612, 0.23536387085914612, 0.45444005727767944, -1.575165867805481, -0.6529819369316101, -0.02548825368285179, -0.41545525193214417, 0.655320405960083, -1.2857766151428223, 0.10636633634567261, 0.13642746210098267, -2.3878369331359863, 0.3496664762496948, 0.7811083197593689, -0.7599726319313049, -0.31164535880088806, -0.8532769083976746, 0.44447189569473267, 0.660260796546936]
0.456628743474927;2.38899564743042;[-1.0134615898132324, -0.0008927476010285318, -0.5550493597984314, -0.18991881608963013, 2.332732677459717, 0.23576080799102783, 0.23768121004104614, 0.4549335837364197, -1.575767159461975, -0.652866542339325, -0.025766007602214813, -0.41671130061149597, 0.6555997133255005, -1.287672758102417, 0.10687067359685898, 0.13614822924137115, -2.390377998352051, 0.3497132956981659, 0.7821749448776245, -0.7612568140029907, -0.3117360770702362, -0.8538526892662048, 0.44678109884262085, 0.6598260402679443]
0.45657330262800117;2.391115665435791;[-1.0136069059371948, -0.0031214901246130466, -0.5560737252235413, -0.19025611877441406, 2.333021402359009, 0.23495814204216003, 0.24000419676303864, 0.4553848206996918, -1.5764652490615845, -0.6531003713607788, -0.026043683290481567, -0.4180695414543152, 0.6560068130493164, -1.2898589372634888, 0.10759878158569336, 0.13590501248836517, -2.3926918506622314, 0.3495429456233978, 0.7831874489784241, -0.7625203132629395, -0.31177031993865967, -0.8545525670051575, 0.44944921135902405, 0.659470796585083]
0.4565049110829625;2.3933215141296387;[-1.0137079954147339, -0.0055281841196119785, -0.5568078756332397, -0.19075080752372742, 2.333686590194702, 0.234150692820549, 0.24211899936199188, 0.4556198716163635, -1.5769387483596802, -0.6530016660690308, -0.02646574378013611, -0.4192775785923004, 0.6560297608375549, -1.292016863822937, 0.10815506428480148, 0.1358422487974167, -2.395109176635742, 0.34941965341567993, 0.784383237361908, -0.7641127109527588, -0.3117649555206299, -0.8552343249320984, 0.45169296860694885, 0.6592967510223389]
0.4564955802298404;2.3949172496795654;[-1.0138157606124878, -0.008252005092799664, -0.5577078461647034, -0.1911844164133072, 2.333953380584717, 0.23349277675151825, 0.24433420598506927, 0.4561953842639923, -1.577587366104126, -0.6531077027320862, -0.026737937703728676, -0.42053380608558655, 0.6563229560852051, -1.293876051902771, 0.10895095765590668, 0.13580547273159027, -2.3974759578704834, 0.3492242991924286, 0.7854619026184082, -0.7653967142105103, -0.31177204847335815, -0.8559257388114929, 0.4539726674556732, 0.6591431498527527]
0.4564664890613597;2.3967201709747314;[-1.0139497518539429, -0.01049200538545847, -0.5584291219711304, -0.19158664345741272, 2.3343892097473145, 0.2327825129032135, 0.2467292994260788, 0.456557035446167, -1.5781257152557373, -0.6531869769096375, -0.027216732501983643, -0.4220324754714966, 0.6566547751426697, -1.2960008382797241, 0.10968104749917984, 0.13544975221157074, -2.399980068206787, 0.3487550914287567, 0.7864903807640076, -0.7667076587677002, -0.3118329346179962, -0.8564409613609314, 0.4561678171157837, 0.6587522029876709]
0.4563956455456141;2.398401975631714;[-1.01408851146698, -0.012783216312527657, -0.5592749714851379, -0.1920604556798935, 2.3349151611328125, 0.23200704157352448, 0.24908804893493652, 0.4569304883480072, -1.5787185430526733, -0.6531927585601807, -0.027248799800872803, -0.4233343303203583, 0.6569381356239319, -1.2980713844299316, 0.11024826020002365, 0.13499023020267487, -2.40250301361084, 0.3486422300338745, 0.7875401973724365, -0.7680227756500244, -0.31184840202331543, -0.8570341467857361, 0.4584467113018036, 0.6584145426750183]
0.45638362465586585;2.3999855518341064;[-1.0143526792526245, -0.015324097126722336, -0.5602821111679077, -0.19245430827140808, 2.3352346420288086, 0.23135210573673248, 0.2512662708759308, 0.45759645104408264, -1.5793782472610474, -0.6530458927154541, -0.0280012097209692, -0.4247180223464966, 0.6572203040122986, -1.2997268438339233, 0.1111135259270668, 0.1349952220916748, -2.4049839973449707, 0.3488093614578247, 0.7886143922805786, -0.7694859504699707, -0.3118310570716858, -0.857755184173584, 0.4609176218509674, 0.6583035588264465]
0.45632164149090787;2.4017584323883057;[-1.0143811702728271, -0.017518501728773117, -0.5610373020172119, -0.19307908415794373, 2.33597469329834, 0.23058970272541046, 0.2535720467567444, 0.4577570855617523, -1.5798388719558716, -0.6533337235450745, -0.02824561856687069, -0.42595261335372925, 0.657169759273529, -1.3013532161712646, 0.11200644075870514, 0.13438721001148224, -2.4076366424560547, 0.3487269878387451, 0.7897863984107971, -0.770717442035675, -0.3118325471878052, -0.8583983778953552, 0.46327799558639526, 0.6580172777175903]
0.4562471532256346;2.4030277729034424;[-1.015097975730896, -0.01911487802863121, -0.5617736577987671, -0.19333548843860626, 2.3365039825439453, 0.2298569679260254, 0.2556411325931549, 0.4582028388977051, -1.5805670022964478, -0.6535298824310303, -0.02867876924574375, -0.426525354385376, 0.6572257280349731, -1.3027061223983765, 0.11184563487768173, 0.13479436933994293, -2.4098024368286133, 0.34845098853111267, 0.7907581329345703, -0.771791398525238, -0.3119790256023407, -0.8593112826347351, 0.4647117853164673, 0.6575210094451904]
0.45613026481501956;2.4043262004852295;[-1.0156183242797852, -0.020285550504922867, -0.5629221200942993, -0.19352217018604279, 2.337409019470215, 0.22912834584712982, 0.2575150728225708, 0.4587063193321228, -1.5811126232147217, -0.6539170742034912, -0.02930724062025547, -0.42725932598114014, 0.6568577885627747, -1.3036909103393555, 0.11207874119281769, 0.13449454307556152, -2.4119338989257812, 0.3479646146297455, 0.7919020056724548, -0.7729225754737854, -0.3120821416378021, -0.8603202700614929, 0.46596774458885193, 0.6568973064422607]
0.4560904946173669;2.4052674770355225;[-1.0164477825164795, -0.0216294527053833, -0.564080536365509, -0.19363915920257568, 2.33768367767334, 0.22861982882022858, 0.2597922682762146, 0.4595831632614136, -1.5821912288665771, -0.6543757319450378, -0.029143990948796272, -0.4276171624660492, 0.6572030782699585, -1.3048250675201416, 0.11239542812108994, 0.13478218019008636, -2.4140257835388184, 0.3476582467556, 0.7926051616668701, -0.7737526893615723, -0.31210261583328247, -0.8612260818481445, 0.4672786593437195, 0.6565404534339905]
0.45598222912224273;2.40655779838562;[-1.0169883966445923, -0.02296135574579239, -0.5647774934768677, -0.19391822814941406, 2.338709831237793, 0.2278970330953598, 0.26158466935157776, 0.46003225445747375, -1.5827105045318604, -0.6548101902008057, -0.029714804142713547, -0.42812442779541016, 0.6567491292953491, -1.3059509992599487, 0.11241371929645538, 0.13511745631694794, -2.416205883026123, 0.34739068150520325, 0.7938061356544495, -0.7751504778862, -0.3122233748435974, -0.8623188734054565, 0.4686078131198883, 0.6560850143432617]
0.4559379436913056;2.407332420349121;[-1.0179234743118286, -0.02436184510588646, -0.5663244128227234, -0.19398726522922516, 2.3388261795043945, 0.22712334990501404, 0.2637556195259094, 0.4611758887767792, -1.583822250366211, -0.6551744937896729, -0.02979019284248352, -0.4286111891269684, 0.6570708751678467, -1.307083249092102, 0.11304182559251785, 0.13533183932304382, -2.4182255268096924, 0.3471042513847351, 0.7945683598518372, -0.775799572467804, -0.31229162216186523, -0.8633289337158203, 0.46982717514038086, 0.6557567119598389]
0.4558413119667074;2.4087653160095215;[-1.0184822082519531, -0.025559164583683014, -0.5670900940895081, -0.19423671066761017, 2.3400020599365234, 0.2264786809682846, 0.2657093107700348, 0.4616183936595917, -1.5844107866287231, -0.6555970907211304, -0.03041662834584713, -0.4292827248573303, 0.6567431688308716, -1.3080400228500366, 0.11302122473716736, 0.1352466195821762, -2.4205515384674072, 0.3466109037399292, 0.7957009673118591, -0.7769796252250671, -0.31239429116249084, -0.8643532395362854, 0.4712269604206085, 0.6551740169525146]
0.4557802170628992;2.4097180366516113;[-1.0193157196044922, -0.026804637163877487, -0.568699836730957, -0.19446121156215668, 2.3403055667877197, 0.2258802354335785, 0.2678448259830475, 0.46262118220329285, -1.5854320526123047, -0.6560657620429993, -0.03090616874396801, -0.42970654368400574, 0.6568721532821655, -1.3091644048690796, 0.1132887601852417, 0.1355462372303009, -2.4228384494781494, 0.3468814194202423, 0.796539843082428, -0.7779876589775085, -0.31232693791389465, -0.8652364015579224, 0.47250670194625854, 0.6548992395401001]
0.4556669702260332;2.411044120788574;[-1.020074486732483, -0.028061693534255028, -0.5692917108535767, -0.19463834166526794, 2.3412692546844482, 0.22517584264278412, 0.2699611186981201, 0.46287083625793457, -1.5860753059387207, -0.6563971638679504, -0.031032713130116463, -0.43026021122932434, 0.6567324995994568, -1.3102233409881592, 0.11317342519760132, 0.13567878305912018, -2.425138473510742, 0.3461727499961853, 0.7976210713386536, -0.7793458700180054, -0.3125462234020233, -0.8662436604499817, 0.4736575782299042, 0.6541866660118103]
0.4555756156312905;2.4119646549224854;[-1.020864486694336, -0.029407398775219917, -0.570449948310852, -0.19485394656658173, 2.341722011566162, 0.224440798163414, 0.2720181345939636, 0.4639042317867279, -1.5870169401168823, -0.6567670702934265, -0.03093774989247322, -0.4306592047214508, 0.6567143201828003, -1.3111058473587036, 0.11359864473342896, 0.13575127720832825, -2.4273595809936523, 0.3462412655353546, 0.7986154556274414, -0.7802844047546387, -0.31259360909461975, -0.8674240112304688, 0.4752974808216095, 0.6538487076759338]
0.45549720419820416;2.4133780002593994;[-1.0216401815414429, -0.030618928372859955, -0.5715484023094177, -0.1950128674507141, 2.342902183532715, 0.2236846387386322, 0.27409496903419495, 0.46433937549591064, -1.5877692699432373, -0.6571725010871887, -0.031624771654605865, -0.43130648136138916, 0.6566410660743713, -1.312336802482605, 0.11367110908031464, 0.13602031767368317, -2.4297029972076416, 0.34563735127449036, 0.7996060848236084, -0.7814719676971436, -0.3127495348453522, -0.8683249950408936, 0.47650477290153503, 0.653287947177887]
0.45540561986914313;2.41424560546875;[-1.0225380659103394, -0.03194503113627434, -0.5729780793190002, -0.19520337879657745, 2.3437466621398926, 0.22293655574321747, 0.2760256826877594, 0.46536293625831604, -1.5885820388793945, -0.6576258540153503, -0.031663037836551666, -0.4312073588371277, 0.6566950678825378, -1.3132249116897583, 0.11394907534122467, 0.13611909747123718, -2.431974411010742, 0.3456574082374573, 0.8005449175834656, -0.7824432253837585, -0.312925785779953, -0.8694144487380981, 0.4778624475002289, 0.6529614925384521]
0.45528781895697884;2.4155611991882324;[-1.023379921913147, -0.0329245924949646, -0.5736691951751709, -0.19511356949806213, 2.345762014389038, 0.2221672087907791, 0.27793464064598083, 0.4658754765987396, -1.5891578197479248, -0.658197820186615, -0.03213735669851303, -0.43092742562294006, 0.6567587852478027, -1.3143540620803833, 0.11414593458175659, 0.13590161502361298, -2.434180498123169, 0.34476253390312195, 0.8014416098594666, -0.7834815979003906, -0.3133872151374817, -0.8705439567565918, 0.4789555072784424, 0.6522589921951294]
0.45516926719851336;2.4164540767669678;[-1.0242732763290405, -0.034241195768117905, -0.5749770998954773, -0.19502124190330505, 2.346842050552368, 0.22175811231136322, 0.28007975220680237, 0.4667295813560486, -1.5901648998260498, -0.6584410667419434, -0.032362863421440125, -0.4307524859905243, 0.656744658946991, -1.315428614616394, 0.11429856717586517, 0.13597345352172852, -2.4363601207733154, 0.3447127044200897, 0.8023772239685059, -0.7844663858413696, -0.31344282627105713, -0.8715448975563049, 0.4802204668521881, 0.6520358920097351]
0.4550529044588538;2.4178032875061035;[-1.0249897241592407, -0.03524938225746155, -0.5760063529014587, -0.19517575204372406, 2.3486549854278564, 0.22100995481014252, 0.2819749414920807, 0.4673156440258026, -1.5908145904541016, -0.658962070941925, -0.032862745225429535, -0.43020397424697876, 0.6567705273628235, -1.3165926933288574, 0.11437774449586868, 0.13610726594924927, -2.4386706352233887, 0.34441739320755005, 0.8032764792442322, -0.785805881023407, -0.31383222341537476, -0.8724740147590637, 0.4812338352203369, 0.6513615846633911]
0.45497362428520854;2.4185729026794434;[-1.0259368419647217, -0.03660450875759125, -0.5772203207015991, -0.19507813453674316, 2.3499743938446045, 0.2203325778245926, 0.28376588225364685, 0.46852219104766846, -1.5919690132141113, -0.6591646075248718, -0.03309307247400284, -0.429627001285553, 0.6569265127182007, -1.3178136348724365, 0.11490325629711151, 0.13621015846729279, -2.440765619277954, 0.34427589178085327, 0.8040580153465271, -0.786536693572998, -0.31390368938446045, -0.8735741972923279, 0.48237505555152893, 0.6513547897338867]
0.45481123188462913;2.4200494289398193;[-1.0266492366790771, -0.037426382303237915, -0.5778140425682068, -0.1949799507856369, 2.3517777919769287, 0.21970686316490173, 0.28549087047576904, 0.46890610456466675, -1.5924201011657715, -0.659684956073761, -0.03358040750026703, -0.4295392632484436, 0.6566816568374634, -1.3188724517822266, 0.11463991552591324, 0.13568943738937378, -2.4431827068328857, 0.343576580286026, 0.8051726222038269, -0.7879166603088379, -0.3142137825489044, -0.8744605779647827, 0.48366716504096985, 0.6506249308586121]
0.4547364761819128;2.4208810329437256;[-1.027726173400879, -0.03858111798763275, -0.5787327885627747, -0.19483834505081177, 2.352998971939087, 0.2192012071609497, 0.2872544825077057, 0.46998724341392517, -1.5934395790100098, -0.6601575016975403, -0.033656615763902664, -0.4288235902786255, 0.6570229530334473, -1.320008635520935, 0.11482644081115723, 0.13582322001457214, -2.4454779624938965, 0.3434734642505646, 0.8058494329452515, -0.7890296578407288, -0.31434646248817444, -0.8752899765968323, 0.4847530722618103, 0.6504459977149963]
0.4546676550488287;2.421689987182617;[-1.0288487672805786, -0.03979699686169624, -0.5800389051437378, -0.19477000832557678, 2.3541979789733887, 0.2189061939716339, 0.2887391448020935, 0.47114846110343933, -1.5943979024887085, -0.6607556939125061, -0.03401496261358261, -0.4287797808647156, 0.6570042967796326, -1.3213448524475098, 0.11543827503919601, 0.13571797311306, -2.4473674297332764, 0.34308964014053345, 0.8067667484283447, -0.7897410988807678, -0.3145710527896881, -0.8763174414634705, 0.48594555258750916, 0.6505606770515442]
0.45450745388584896;2.4229164123535156;[-1.0301541090011597, -0.040725331753492355, -0.5810810923576355, -0.19484104216098785, 2.3555147647857666, 0.21872657537460327, 0.2901308536529541, 0.47132381796836853, -1.59488844871521, -0.6615787744522095, -0.034478187561035156, -0.4289468824863434, 0.6565899848937988, -1.3227988481521606, 0.11520534753799438, 0.13549882173538208, -2.4493424892425537, 0.3425332307815552, 0.807990312576294, -0.7911092638969421, -0.31490644812583923, -0.8774930834770203, 0.4871000349521637, 0.6505091786384583]
0.45442365040052035;2.4236443042755127;[-1.0319429636001587, -0.041748546063899994, -0.582194447517395, -0.19474150240421295, 2.356863260269165, 0.21886123716831207, 0.2914879620075226, 0.47211921215057373, -1.5958304405212402, -0.6627200245857239, -0.034794148057699203, -0.4286867082118988, 0.6568092107772827, -1.324097990989685, 0.11562119424343109, 0.13515058159828186, -2.451184034347534, 0.3424298167228699, 0.8087078928947449, -0.7918331027030945, -0.31515738368034363, -0.8788610100746155, 0.48795825242996216, 0.650890052318573]
0.4543438761368343;2.424452543258667;[-1.0334240198135376, -0.04274852201342583, -0.5836138129234314, -0.19468282163143158, 2.358238697052002, 0.21870215237140656, 0.2928592562675476, 0.4731151759624481, -1.5967601537704468, -0.6631283164024353, -0.035281915217638016, -0.42848485708236694, 0.6567782163619995, -1.325560212135315, 0.11635803431272507, 0.13516755402088165, -2.4529826641082764, 0.3422888517379761, 0.809575080871582, -0.7927589416503906, -0.31541433930397034, -0.8798618912696838, 0.489096999168396, 0.6512702107429504]
0.45418903393770366;2.4257166385650635;[-1.0346488952636719, -0.04370546340942383, -0.5847951173782349, -0.19471822679042816, 2.3596179485321045, 0.21856771409511566, 0.2942708730697632, 0.4733342230319977, -1.5973000526428223, -0.6640374660491943, -0.035872381180524826, -0.4287525713443756, 0.6563590168952942, -1.3267768621444702, 0.11619117856025696, 0.1346537172794342, -2.45493483543396, 0.3416298031806946, 0.8108037710189819, -0.7938981056213379, -0.3157311677932739, -0.8810575008392334, 0.4901595413684845, 0.6511445045471191]
0.45409403189772624;2.4265329837799072;[-1.0364125967025757, -0.04461037740111351, -0.5861377716064453, -0.194545716047287, 2.361175537109375, 0.2184867262840271, 0.29563966393470764, 0.4740982949733734, -1.5980963706970215, -0.6650988459587097, -0.0360577218234539, -0.42843833565711975, 0.6565284729003906, -1.32820725440979, 0.11662501096725464, 0.13450473546981812, -2.4567666053771973, 0.341288685798645, 0.8115513920783997, -0.7948286533355713, -0.31607991456985474, -0.8821693062782288, 0.4911209046840668, 0.6514691710472107]
0.45398950619885486;2.426703691482544;[-1.0374791622161865, -0.04558909311890602, -0.587581992149353, -0.19460532069206238, 2.3622756004333496, 0.2184811532497406, 0.2974279522895813, 0.4750194549560547, -1.5992544889450073, -0.6650997996330261, -0.036524929106235504, -0.42824622988700867, 0.6564093828201294, -1.3292049169540405, 0.11677868664264679, 0.13413777947425842, -2.458918333053589, 0.3414846658706665, 0.8124825954437256, -0.7957189083099365, -0.31602877378463745, -0.8830537796020508, 0.4925426244735718, 0.6515842080116272]
0.45384626744703754;2.4284682273864746;[-1.0392838716506958, -0.0465821847319603, -0.5883418917655945, -0.19463670253753662, 2.3639235496520996, 0.2183210253715515, 0.29838883876800537, 0.4752867519855499, -1.5995665788650513, -0.6664531230926514, -0.0369480662047863, -0.4284142553806305, 0.656033992767334, -1.330764651298523, 0.11700734496116638, 0.13403204083442688, -2.4604971408843994, 0.3408242464065552, 0.8136574625968933, -0.7969975471496582, -0.3166136145591736, -0.884559690952301, 0.49316754937171936, 0.6518988013267517]
0.453771848337489;2.4291749000549316;[-1.0410869121551514, -0.0476139672100544, -0.5899469256401062, -0.19456526637077332, 2.365058422088623, 0.21840667724609375, 0.2997685670852661, 0.47620970010757446, -1.600542664527893, -0.6672198176383972, -0.03740547224879265, -0.42834946513175964, 0.6561306118965149, -1.332135796546936, 0.11755197495222092, 0.1340222954750061, -2.4622156620025635, 0.3407632112503052, 0.8144553303718567, -0.7978605628013611, -0.3168542981147766, -0.8856285214424133, 0.49402520060539246, 0.6524063348770142]
0.4536851208614837;2.429868221282959;[-1.0423768758773804, -0.0486164316534996, -0.5911784172058105, -0.19461609423160553, 2.366161346435547, 0.21823272109031677, 0.3011931777000427, 0.47722700238227844, -1.6015745401382446, -0.6676145195960999, -0.03788093850016594, -0.4283643960952759, 0.6560869812965393, -1.3333913087844849, 0.11793346703052521, 0.13367003202438354, -2.464062452316284, 0.3405303955078125, 0.8153830170631409, -0.7986037135124207, -0.31699874997138977, -0.8868235945701599, 0.4951688349246979, 0.652633786201477]
0.45355949415266555;2.430811643600464;[-1.0435702800750732, -0.049384187906980515, -0.5921404361724854, -0.1946641355752945, 2.3677215576171875, 0.21832126379013062, 0.30255982279777527, 0.47780609130859375, -1.6021848917007446, -0.6682648658752441, -0.038415051996707916, -0.4285488426685333, 0.6559125781059265, -1.3347792625427246, 0.1177309900522232, 0.13310526311397552, -2.4660277366638184, 0.3400036096572876, 0.816423773765564, -0.7999445199966431, -0.3172903060913086, -0.8878920078277588, 0.4961991012096405, 0.6525878310203552]
0.4534303594210221;2.4321329593658447;[-1.0449097156524658, -0.05029163882136345, -0.5933172106742859, -0.19470791518688202, 2.3692097663879395, 0.21818317472934723, 0.30362042784690857, 0.47855302691459656, -1.602806806564331, -0.6689718961715698, -0.03867655247449875, -0.4286430776119232, 0.655823826789856, -1.3362202644348145, 0.1177523136138916, 0.13264060020446777, -2.467714548110962, 0.3393910825252533, 0.8174499869346619, -0.8013002276420593, -0.31770890951156616, -0.8891797661781311, 0.497065931558609, 0.6526028513908386]
0.4533621945019932;2.4328224658966064;[-1.0465381145477295, -0.0512329526245594, -0.5940012335777283, -0.19475403428077698, 2.3706538677215576, 0.2181285172700882, 0.30447471141815186, 0.4795098304748535, -1.6038166284561157, -0.6696209907531738, -0.03874078020453453, -0.42865079641342163, 0.6561352610588074, -1.337626338005066, 0.11778811365365982, 0.1322742998600006, -2.4693586826324463, 0.3390388786792755, 0.8181960582733154, -0.8025022745132446, -0.3179224729537964, -0.8902738094329834, 0.49801135063171387, 0.6529427170753479]
0.4533014462152298;2.4336488246917725;[-1.048119306564331, -0.05223260819911957, -0.5940278768539429, -0.19470590353012085, 2.372194766998291, 0.21821773052215576, 0.30533623695373535, 0.4803105890750885, -1.6049866676330566, -0.670448362827301, -0.03867129236459732, -0.42872416973114014, 0.6565977334976196, -1.3388605117797852, 0.11747521162033081, 0.13180112838745117, -2.471071481704712, 0.33866262435913086, 0.8188753128051758, -0.8037397265434265, -0.3180203139781952, -0.8912478089332581, 0.49897271394729614, 0.653184711933136]
0.4532032338276608;2.4341049194335938;[-1.049588680267334, -0.05329650267958641, -0.5942853093147278, -0.19468095898628235, 2.3734259605407715, 0.2180679738521576, 0.3062298893928528, 0.48134222626686096, -1.6061959266662598, -0.6705650687217712, -0.03892255574464798, -0.42909467220306396, 0.6567575335502625, -1.340015172958374, 0.11753299832344055, 0.13116344809532166, -2.47259783744812, 0.3384212255477905, 0.8197893500328064, -0.8047539591789246, -0.31814560294151306, -0.8925254344940186, 0.500091552734375, 0.6533600091934204]
0.45307271682522093;2.435441255569458;[-1.0507962703704834, -0.05395388603210449, -0.5945614576339722, -0.19490794837474823, 2.375349760055542, 0.21797537803649902, 0.30704548954963684, 0.48182564973831177, -1.6068646907806396, -0.6712222695350647, -0.039283789694309235, -0.4294114410877228, 0.6566844582557678, -1.3413883447647095, 0.11713892221450806, 0.13026894629001617, -2.4744904041290283, 0.3380465805530548, 0.8207909464836121, -0.80643230676651, -0.31835201382637024, -0.8935630321502686, 0.5010333061218262, 0.6533277034759521]
0.4529889896119201;2.4361371994018555;[-1.0525071620941162, -0.05494360253214836, -0.5947685241699219, -0.19485270977020264, 2.3766860961914062, 0.21799255907535553, 0.3079092502593994, 0.4825191795825958, -1.6080774068832397, -0.6721671223640442, -0.03917507454752922, -0.429413765668869, 0.6571045517921448, -1.3428337574005127, 0.11676768958568573, 0.1299840211868286, -2.476081132888794, 0.3377342224121094, 0.8214864730834961, -0.8076805472373962, -0.3184572756290436, -0.8946558237075806, 0.5019389986991882, 0.6536580920219421]
0.4529467346066209;2.436823606491089;[-1.0539000034332275, -0.05600157380104065, -0.5949089527130127, -0.195003479719162, 2.3781638145446777, 0.21785332262516022, 0.30858278274536133, 0.4836711883544922, -1.609264850616455, -0.6726241707801819, -0.03911468759179115, -0.4294784665107727, 0.6575034856796265, -1.3441013097763062, 0.11688157916069031, 0.12956631183624268, -2.4777936935424805, 0.33755674958229065, 0.8221920728683472, -0.8090888857841492, -0.31855103373527527, -0.895672082901001, 0.502791702747345, 0.6539440155029297]
0.4528584177841736;2.437307357788086;[-1.0552504062652588, -0.05673687905073166, -0.5953620076179504, -0.19504950940608978, 2.379319190979004, 0.2180735170841217, 0.3097752034664154, 0.4846506118774414, -1.6103695631027222, -0.6730509996414185, -0.03951827064156532, -0.4296651780605316, 0.6575778126716614, -1.3454313278198242, 0.11676452308893204, 0.1291460245847702, -2.4795286655426025, 0.3375193178653717, 0.8231018781661987, -0.8099901676177979, -0.3185788094997406, -0.8967786431312561, 0.5041269063949585, 0.6541129350662231]
0.452778338233206;2.438563823699951;[-1.0567492246627808, -0.05731748417019844, -0.5948662161827087, -0.19513827562332153, 2.3810811042785645, 0.2179703712463379, 0.31037741899490356, 0.48531001806259155, -1.6109850406646729, -0.6737112998962402, -0.03931744024157524, -0.4293753504753113, 0.6577580571174622, -1.3466578722000122, 0.11663814634084702, 0.128678560256958, -2.481292724609375, 0.33664214611053467, 0.8240678906440735, -0.8111401796340942, -0.3188067078590393, -0.8981084823608398, 0.5046203136444092, 0.6540132164955139]
0.4526976899262304;2.439502716064453;[-1.057580590248108, -0.05820104107260704, -0.5956038236618042, -0.1951233446598053, 2.3828272819519043, 0.2180311679840088, 0.3111737072467804, 0.4860043227672577, -1.612004280090332, -0.6742537021636963, -0.03958269581198692, -0.43006089329719543, 0.6581863760948181, -1.3479570150375366, 0.11633116751909256, 0.12754148244857788, -2.483027219772339, 0.33640941977500916, 0.8247274160385132, -0.8126691579818726, -0.31903335452079773, -0.8991533517837524, 0.5053502321243286, 0.6546886563301086]
0.4526937351558055;2.4401943683624268;[-1.0585118532180786, -0.059599779546260834, -0.5968073010444641, -0.19515907764434814, 2.384277582168579, 0.21771465241909027, 0.3119010329246521, 0.48714202642440796, -1.6133490800857544, -0.6748026013374329, -0.03949085995554924, -0.43074601888656616, 0.6590107679367065, -1.3493585586547852, 0.11580192297697067, 0.12690605223178864, -2.484822988510132, 0.3364330232143402, 0.8250307440757751, -0.8141920566558838, -0.3192429840564728, -0.8997243046760559, 0.5067862868309021, 0.6559006571769714]
0.4526183295171895;2.4414725303649902;[-1.0593289136886597, -0.060719944536685944, -0.5978517532348633, -0.1951112002134323, 2.386467456817627, 0.2173915058374405, 0.31269121170043945, 0.48751330375671387, -1.6142674684524536, -0.6758142113685608, -0.039543356746435165, -0.43159642815589905, 0.6593171954154968, -1.3508591651916504, 0.11525474488735199, 0.1259126216173172, -2.486682415008545, 0.335788369178772, 0.825476348400116, -0.8160811066627502, -0.31964269280433655, -0.9003707766532898, 0.5077751278877258, 0.6566997766494751]
0.45255415603702726;2.442652940750122;[-1.0600484609603882, -0.061739396303892136, -0.5989391207695007, -0.19534610211849213, 2.388357400894165, 0.2171689122915268, 0.31356099247932434, 0.4880664050579071, -1.6153123378753662, -0.6766691207885742, -0.03962294012308121, -0.43261227011680603, 0.6592814326286316, -1.3521203994750977, 0.1146373376250267, 0.12477976828813553, -2.4888179302215576, 0.3355456292629242, 0.8259119987487793, -0.8175941109657288, -0.3198579251766205, -0.9010759592056274, 0.5089930891990662, 0.6574192643165588]
0.452534208653466;2.4433443546295166;[-1.0613980293273926, -0.06295434385538101, -0.5998252630233765, -0.19514775276184082, 2.389873743057251, 0.21696870028972626, 0.3143044114112854, 0.4890407621860504, -1.616673469543457, -0.677099347114563, -0.03930309787392616, -0.43340516090393066, 0.6598380208015442, -1.3534287214279175, 0.11435951292514801, 0.12425579875707626, -2.4905738830566406, 0.33543503284454346, 0.8260253071784973, -0.8189471960067749, -0.32017019391059875, -0.901776909828186, 0.5101706981658936, 0.6585594415664673]
0.4524850316382018;2.444559335708618;[-1.0625567436218262, -0.06381572782993317, -0.6006057858467102, -0.19531366229057312, 2.391822099685669, 0.21684084832668304, 0.3149791359901428, 0.4893460273742676, -1.6175894737243652, -0.6779893636703491, -0.03925539180636406, -0.4342455267906189, 0.6599305272102356, -1.3547935485839844, 0.1136350929737091, 0.12348118424415588, -2.492669105529785, 0.3351489305496216, 0.8263249397277832, -0.8206355571746826, -0.3204791247844696, -0.9024567008018494, 0.5112777948379517, 0.6594837307929993]
0.4524464036994577;2.4451041221618652;[-1.063176155090332, -0.06493555754423141, -0.6015996932983398, -0.1953904628753662, 2.3934884071350098, 0.21662010252475739, 0.3159365653991699, 0.4902208149433136, -1.6188150644302368, -0.6786410212516785, -0.03924434259533882, -0.43503275513648987, 0.6600742936134338, -1.3560869693756104, 0.11341072618961334, 0.1226424053311348, -2.494638204574585, 0.3350168764591217, 0.8266471028327942, -0.8220403790473938, -0.32065579295158386, -0.9030606746673584, 0.5124431252479553, 0.6602599620819092]
0.45240398379684865;2.4463226795196533;[-1.0644315481185913, -0.06603454053401947, -0.6026178598403931, -0.195161372423172, 2.395329713821411, 0.2163083851337433, 0.3166961967945099, 0.49084293842315674, -1.6199027299880981, -0.6795099973678589, -0.039114367216825485, -0.43570297956466675, 0.6605300903320312, -1.3575242757797241, 0.11304385215044022, 0.1220145896077156, -2.496426582336426, 0.3344138264656067, 0.8268144726753235, -0.8235255479812622, -0.32105597853660583, -0.9037228226661682, 0.5132126808166504, 0.6610629558563232]
0.45234349738353363;2.447488307952881;[-1.0655373334884644, -0.066989466547966, -0.6033585667610168, -0.19537611305713654, 2.3972017765045166, 0.2162148654460907, 0.3172253370285034, 0.4913260042667389, -1.6208159923553467, -0.6801590323448181, -0.0391029417514801, -0.43659183382987976, 0.6604732871055603, -1.358760952949524, 0.11237184703350067, 0.12112568318843842, -2.4983789920806885, 0.33425793051719666, 0.8272303342819214, -0.8251119256019592, -0.3213846683502197, -0.9045057892799377, 0.5145139098167419, 0.6619181632995605]
0.4523116791182339;2.448129892349243;[-1.0663866996765137, -0.06812898814678192, -0.6047289967536926, -0.19533312320709229, 2.398514747619629, 0.21588744223117828, 0.3182264566421509, 0.49233388900756836, -1.6221660375595093, -0.6805536150932312, -0.03890112042427063, -0.437272310256958, 0.6608324646949768, -1.359900951385498, 0.11232755333185196, 0.12033704668283463, -2.50026798248291, 0.33404088020324707, 0.8274476528167725, -0.8263965249061584, -0.32156437635421753, -0.9051805734634399, 0.5157551169395447, 0.6626520752906799]
0.45226547811772405;2.4491569995880127;[-1.0673564672470093, -0.06913316249847412, -0.6052248477935791, -0.1953520029783249, 2.400606632232666, 0.21561944484710693, 0.31881216168403625, 0.4930538237094879, -1.6232540607452393, -0.6812453866004944, -0.03889559209346771, -0.43797582387924194, 0.6610471606254578, -1.3613684177398682, 0.11196837574243546, 0.11954367160797119, -2.5021040439605713, 0.3339051306247711, 0.8276852965354919, -0.8278483748435974, -0.32184138894081116, -0.9058472514152527, 0.5165044665336609, 0.6635401248931885]
