0.010709528404435046;0.006109088
0.0059295322157834705;0.005955023
0.0057795992488727755;0.0057289535
0.005396872447607549;0.0052696066
0.004792461691326216;0.0047014887
0.003833431836315676;0.002989136
0.0017402086866480347;0.0014604991
0.0012552282742322668;0.0012611479
0.0011215077749894638;0.0011547717
0.0010301025881505523;0.0010805088
0.0009629805670364907;0.0010285953
0.0009236587220680361;0.0009967085
0.0008956475793016388;0.0009825635
0.0008737155573295527;0.0009607435
0.0008558128084252147;0.0009485891
0.0008434801788289884;0.00093297864
0.0008307114393621879;0.00092498335
0.0008196997765672246;0.0009163451
0.000811960012958336;0.00090311264
0.0008035675717493225;0.0008908858
0.0007945653415701695;0.0008833319
0.00078626186464374;0.00087624363
0.0007810822020186798;0.00087173673
0.0007778064638841898;0.000858762
0.00077158275679195;0.0008550539
0.0007654109329450875;0.00084722304
0.0007578292294822045;0.0008400033
0.0007539959112794972;0.0008312608
0.0007505504613570672;0.00083322724
0.0007457721276870488;0.00082243886
0.0007395369803385907;0.0008154393
0.0007352908797513105;0.0008089529
0.0007304790252084403;0.00081948086
0.0007265122956596314;0.0008003121
0.0007223978914369486;0.0007885968
0.0007185003260689739;0.00078637525
0.0007169297308121857;0.00078397366
0.0007121445120949494;0.0007838043
0.0007103056524341044;0.0007825915
0.0007060024859751329;0.0007710899
0.0007035141795456997;0.0007679237
0.0007025583867767924;0.00076471793
0.0006997917052726017;0.0007610216
0.0006989130845268894;0.00075772015
0.0006929578161553332;0.000758713
0.0006912545971940027;0.0007520486
0.0006896795567100574;0.0007545322
0.0006890959795686955;0.00074837264
0.0006869414542483068;0.0007491997
0.0006832162644346489;0.0007464441
0.0006839710391910844;0.0007424827
0.0006836979196553952;0.0007441369
0.0006792414437146172;0.0007479441
0.0006770215548672959;0.0007356442
0.000677164030677982;0.0007427345
0.0006771506285172348;0.0007320831
0.0006746741002548093;0.00072984386
0.0006734932849404255;0.00074052456
0.000672447929269095;0.00073991145
0.000670664629126948;0.0007261291
0.0006696452806385136;0.00072690274
0.0006696935620551047;0.00072765065
0.000668415313856186;0.0007235612
0.0006681837166022314;0.00072458235
0.0006667524763064361;0.0007209724
0.000664949250456534;0.0007167449
0.0006633986890512077;0.00072380033
0.0006624192446715346;0.0007192082
0.0006617518028513969;0.0007146724
0.00065966171494342;0.00071708264
0.0006609225878491998;0.000718276
0.0006588230087225767;0.000709042
0.0006577599606795335;0.00071991363
0.000657538350328411;0.0007310354
0.0006579612632968316;0.0007106338
0.0006575222798059449;0.0007098987
0.0006530872904573029;0.0007112739
0.0006536194659450924;0.0007146939
0.0006536017190419921;0.0007167986
0.0006509450052889358;0.0007077297
0.0006502730058089487;0.0007059705
0.0006517013047797312;0.00071134
0.0006490476113915639;0.0007089719
0.0006482673695580544;0.00070521317
0.0006501373669475709;0.00070586015
0.0006471936517444096;0.00070119236
0.00064820581403757;0.000699886
0.0006466859776992351;0.00070059753
0.0006446190046661191;0.0007006448
0.0006442876119093087;0.0006973201
0.0006451083255294514;0.0006970597
0.0006424914411342654;0.00069756835
0.000642159238065544;0.0006959449
0.0006420435883276361;0.0007017752
0.0006429745157028696;0.0006922323
0.00064089417328911;0.00069460255
0.0006414271394820198;0.0006940371
0.0006378745197588088;0.00070405134
0.0006398532597813756;0.0006944463
0.0006384082028250161;0.00069101143
0.0006369977638027385;0.00069431076
0.0006356620603535128;0.0006957565
0.0006372068089580066;0.000696815
0.0006347765916296722;0.00069200195
0.0006364486906309857;0.00069161283
0.0006341668136883527;0.0006929817
0.0006325435159899491;0.0006876181
0.0006324717499266722;0.00069337996
0.0006326074981571813;0.0006897193
0.000634310706396048;0.00069323543
0.0006295203341563281;0.00068660383
0.0006305456676177288;0.00068457745
0.0006289597508791638;0.0006892384
0.0006303803716467595;0.0006848276
0.0006294770962803771;0.0006822764
0.0006279471520285466;0.0006853517
0.0006292027911465419;0.0006903151
0.0006287509327337734;0.00070325786
0.0006260381873672534;0.0006834273
0.0006276500582891075;0.00068120053
0.0006266525309336812;0.0006852391
0.0006258722088348709;0.00069843617
0.0006262084407927959;0.0006792195
0.0006233079659164344;0.000680937
0.0006228796834444725;0.00067741895
0.0006233676597108378;0.00067895127
0.0006250237684549862;0.00069810025
0.0006231772091460267;0.0006771641
0.0006207167385391107;0.00067745586
0.000622477842874727;0.000674785
0.0006208149866372543;0.000678073
0.0006217809626832604;0.0006750693
0.0006195834696930098;0.0006701062
0.0006205310628406311;0.00067037664
0.0006192065340368763;0.00068147155
0.0006185878570632715;0.0006765932
0.0006192513573056969;0.0006777791
0.0006179122395176245;0.0006824429
0.0006191322102064365;0.0006684501
0.0006181128534463871;0.00066890114
0.0006169526127019995;0.00066918426
0.0006145738282755605;0.00067702454
0.0006166554298129324;0.000668556
0.0006164141219893568;0.0006676089
0.0006159983082110748;0.00067537604
0.0006154131070759736;0.00066751195
0.0006170069152415779;0.0006627261
0.0006141923070811715;0.00066413765
0.0006141176888425099;0.0006772313
0.0006133975405981274;0.0006649829
0.00061432367258117;0.0006656879
0.0006108812105498815;0.0006635099
0.0006138368678205695;0.00066243176
0.0006117149035593397;0.00066163804
0.000610378342925718;0.0006613539
0.0006105196876696459;0.00066338456
0.0006119075678534022;0.0006759442
0.0006099011464117978;0.00066633156
0.0006103258696384728;0.00066192105
0.0006088476171594505;0.00066662976
0.0006136019441519716;0.00066210015
0.0006090448492231141;0.00066526025
0.0006071115372163293;0.00065615895
0.0006082483214987932;0.0006572786
0.0006061443881327776;0.0006580947
0.000606292464133156;0.0006601921
0.0006064093392955042;0.0006603282
0.0006074263466105454;0.0006566574
0.0006071164450412126;0.0006595085
0.0006055328351641564;0.0006573587
0.0006061932920649844;0.00066204206
0.0006060233079264627;0.00066248653
0.0006043793728550602;0.00065650925
0.0006045002977388274;0.00065621507
0.0006040718712794937;0.00065394584
0.0006028904668423102;0.0006536882
0.0006048876583870305;0.00065510254
0.0006050189482170697;0.0006541853
0.000605415152140746;0.0006602714
0.0006042019022922767;0.0006584205
0.0006024601201428787;0.00066304824
0.000602917146783224;0.0006535255
0.000603145727654919;0.00066302856
0.0006024740452535058;0.0006616394
0.0006015999555146616;0.00065488333
0.0006013992018875126;0.00065868255
0.0006023439753334969;0.00065444625
0.0006007688763355346;0.0006538882
0.0006025440139254849;0.00066454057
0.0006012682413902918;0.00065930135
0.0006012538236590397;0.0006509857
0.0005995036188611075;0.0006512477
0.0005985405051002377;0.0006587364
0.0005973396464373524;0.00065274106
0.0005970734977285917;0.000647151
0.0005964432849156621;0.0006481375
0.0005960208700822765;0.0006507747
0.0005961777832310058;0.00065752957
0.0005951694366031964;0.0006473413
0.0005990228946565798;0.00066347717
0.0005979614583530316;0.0006589703
0.0005951021200560621;0.0006597737
0.0005957441266601611;0.0006551173
0.0005958495986353802;0.00064884004
0.0005952525764434157;0.0006458695
0.0005942389332248192;0.00064836117
0.0005934210454334358;0.00064774306
0.0005930362425523957;0.00065418455
0.000593415899876211;0.0006506085
0.0005915355016967576;0.0006536014
0.0005911413757865758;0.0006459243
0.0005898596115385819;0.00064499886
0.000591054507898853;0.0006503678
0.0005910041193649369;0.00064600684
0.0005919784843603051;0.0006507637
0.0005924188565634387;0.0006449259
0.0005898789588460012;0.0006439198
0.0005901057760255706;0.0006444118
0.000589709048232946;0.0006460292
0.0005889880087986393;0.0006488004
0.000590619993224544;0.00066162506
0.0005895462104634039;0.0006530673
0.0005880321587411393;0.00065570464
0.0005888563286709158;0.000639398
0.000590594387368152;0.00064298173
0.0005888541710048326;0.00065487623
0.0005884425408255897;0.0006400877
0.0005870701405097192;0.0006426122
0.0005872199449712704;0.00064620917
0.0005882935135894897;0.0006397642
0.0005878156142946529;0.0006414329
0.0005879946298112995;0.0006403433
0.0005853131557447149;0.0006431648
0.0005859988395394267;0.00063874625
0.0005859244222703733;0.0006474487
0.0005852208417644234;0.0006385042
0.0005853280060507945;0.0006652259
0.0005879984099393416;0.0006499465
0.0005841183093204898;0.0006394423
0.000586247177010304;0.0006388064
0.0005846787072522076;0.0006365742
0.0005851562407578489;0.0006362335
0.0005848883923853895;0.00063954026
0.000585267799722619;0.000640763
0.0005845839963417108;0.00065566483
0.0005824650950288694;0.00064435013
0.0005847945944161007;0.00063829514
0.0005842322679726701;0.0006635985
0.0005847196416365669;0.00064123643
0.0005821615629094212;0.0006412655
0.000583962909264588;0.0006416928
0.000582773139773819;0.0006392414
0.0005827731636695956;0.0006394627
0.0005829933519156552;0.00064348255
0.0005818820111208448;0.0006431483
0.0005832283077516446;0.0006363963
0.0005820826327085103;0.00064539775
0.0005817280322509377;0.00063938653
0.0005820394478321663;0.0006461374
0.0005821166474274114;0.0006415615
0.000581727707513461;0.0006333592
0.0005809139294892942;0.0006384357
0.0005815746127872875;0.0006318988
0.0005813644641373111;0.000646239
0.0005801218696624825;0.00063567684
0.000581029626712399;0.00063503714
0.0005795971297438404;0.00064005645
0.0005803561450815515;0.00063514325
0.0005814907478021555;0.0006327699
0.0005809526835372182;0.0006338598
0.0005799004023796634;0.0006340449
0.000577885754051079;0.00063541066
0.0005780886754540628;0.00063196826
0.0005808199002211423;0.00063528557
0.0005787501776419384;0.00063356344
0.0005784306531208323;0.00063077634
0.0005787181983530326;0.00063366006
0.0005792920934158917;0.00063854386
0.0005783137286351504;0.00063355215
0.0005784730160437328;0.0006558886
0.0005801823170929166;0.0006317696
0.0005787670103784062;0.0006339037
0.0005781054852138224;0.0006292522
0.000577095855566624;0.0006304688
0.0005782771129528747;0.0006546858
0.0005782402491221498;0.0006381352
0.0005778767870077374;0.00063107396
0.000575934631419123;0.00063103193
0.0005782677372304821;0.00062719564
0.0005770011559913033;0.0006291966
0.0005770167777020681;0.00062836625
0.0005762668838111782;0.00062763435
0.000576428537820711;0.00062881963
0.0005772068489980148;0.00062903546
0.0005764269484452119;0.0006325672
0.0005759293057245055;0.00062882836
0.0005772591265237057;0.0006279476
0.0005764564820932911;0.00063522154
0.000577947077353632;0.0006267548
0.0005758623730415772;0.0006312245
0.0005745509167593952;0.00062904344
0.0005749526721621422;0.000627729
0.0005753038120210955;0.00062727276
0.000574372603410953;0.00063139154
0.0005767910162256541;0.0006307265
0.0005748468399121377;0.00063137565
0.0005744274675012811;0.00062688376
0.0005743361173173118;0.0006269312
0.0005739491325680558;0.0006274635
0.0005734870856701347;0.0006261389
0.0005729965240645565;0.0006269445
0.000574604042891511;0.0006245457
0.0005740102594963422;0.00062961504
0.0005742180482852028;0.00062599144
0.000574106763202795;0.0006295577
0.000575576781748647;0.0006241555
0.0005733195385944687;0.0006245875
0.0005720759267109985;0.00062977505
0.0005732230453041235;0.0006237434
0.0005734835585922395;0.0006400174
0.0005729176974120109;0.0006219523
0.0005725243275887088;0.00062384724
0.000573302066492799;0.00063072296
0.0005722361776095472;0.0006241646
0.0005723114076413606;0.0006215074
0.0005722204119114107;0.00062403874
0.0005726487035740559;0.0006232633
0.0005746482755057513;0.000628341
0.0005719001165983317;0.00062212505
0.0005706781349880131;0.00062268507
0.0005717118953869335;0.0006263281
0.0005734165045922917;0.0006277635
0.0005720898793936756;0.00062516774
0.0005703887454920301;0.00062338443
0.0005707603312514134;0.00062734314
0.0005705966715284281;0.0006250082
0.0005712735794460107;0.0006241119
0.00057194197801628;0.00062463497
0.0005709536009051494;0.00062427367
0.0005716781367817404;0.0006218806
0.0005699109586298858;0.0006252567
0.0005698502541666752;0.0006199348
0.0005691695541731621;0.00062601455
0.0005708283208629214;0.0006187789
0.00057122422455761;0.0006174423
0.0005699290158717255;0.0006185086
0.0005703333305734161;0.00062199123
0.0005692852691649215;0.0006192414
0.0005692918971793628;0.0006183053
0.0005707054892187252;0.0006186995
0.0005699504108633846;0.0006210659
0.0005680683418177069;0.00062784186
0.0005689322856548977;0.000618729
0.0005676976515372333;0.0006191279
0.0005693076328546004;0.0006221835
0.0005686918775992174;0.00062520755
0.0005701104574224079;0.0006188094
0.0005698635325595541;0.0006180291
0.0005677560859016681;0.00062134315
0.0005697794332119979;0.0006211033
0.0005676850134286245;0.0006199485
0.0005677385997076176;0.0006190122
0.000566908272939097;0.0006182389
0.0005670993647072464;0.00061762636
0.0005682179367316789;0.00062052364
0.0005690402568832629;0.00062428886
0.0005699127661309352;0.0006325223
0.0005671979709356827;0.0006189673
0.0005682956280284806;0.00061779923
0.0005663266420781024;0.00062434113
0.0005676542509861879;0.0006144751
0.000565870366929295;0.00061682775
0.0005669252340387749;0.0006177451
0.0005683279924070169;0.00062503916
0.0005681843901249139;0.0006171634
0.0005657696548089581;0.0006173182
0.0005669695113810074;0.0006203663
0.000568898739660845;0.00061456696
0.000566022976081034;0.00061482145
0.0005672329047229141;0.00061958877
0.0005649392520641222;0.0006240639
0.0005674796454657457;0.00061958557
0.000566342162997707;0.0006182514
0.0005651321988185182;0.0006154418
0.0005673614552697951;0.0006124177
0.0005654590023607996;0.000614443
0.0005656950638359903;0.00061881804
0.0005652151863997508;0.000614944
0.0005659447961462368;0.00061346975
0.000564824035513754;0.00061180594
0.0005654666143910665;0.0006116201
0.0005642941537141603;0.00061462563
0.0005675632037884115;0.00061329873
0.000564594235344741;0.000638469
0.0005643310123368314;0.0006121502
0.0005637836749787981;0.00063512864
0.0005662033619285611;0.0006126022
0.0005642126914799998;0.00061742467
0.0005640614394858283;0.0006180002
0.0005644772027153522;0.00061397994
0.0005643840830184912;0.0006159971
0.000563700532994086;0.00061240036
0.0005639985571370313;0.0006126485
0.0005632394128233979;0.0006163458
0.0005628852725127026;0.0006127641
0.0005626119994926022;0.0006097316
0.0005621192802209407;0.0006198286
0.0005628105308125285;0.00061492325
0.0005643854977710075;0.0006143454
0.000562092926242928;0.0006102326
0.0005633845747644572;0.0006105995
0.0005625469453853408;0.000612396
0.0005630092888359765;0.0006186401
0.0005627805327285865;0.000609987
0.0005609623536369518;0.00061665574
0.0005629209856698779;0.0006139799
0.0005618745476424106;0.00061747566
0.0005632514608901386;0.0006113046
0.0005622948443296513;0.00060995534
0.0005607129258446788;0.0006136878
0.0005619814990112852;0.000619169
0.0005625557417883293;0.0006159102
0.0005612135457340628;0.0006185456
0.0005616090015361184;0.00060901925
0.0005618953967074815;0.0006127821
0.0005600784767394591;0.00060761254
0.0005605274817514184;0.000611303
0.0005609194855328258;0.0006089138
0.0005616143719587279;0.00061285245
0.00056032808191192;0.0006100025
0.0005600110361181004;0.0006151315
0.0005609120374030777;0.0006061196
0.0005592513945885003;0.0006086948
0.0005592445962400616;0.00060806377
0.000559604573247366;0.0006116519
0.0005600040704992257;0.0006086896
0.0005616523288680535;0.0006095312
0.0005601506236033808;0.0006088813
0.0005603368323614918;0.00061423867
0.000561115661586978;0.0006086326
0.0005588003057422803;0.0006041191
0.0005612632492557168;0.00060685014
0.0005586799399584139;0.00061189075
0.0005597426402872722;0.00060692383
0.0005583781350747143;0.000618971
0.0005597477800237309;0.0006064495
0.000558406256421126;0.0006099337
0.0005582684007669358;0.00060407957
0.0005603244708924505;0.00060487556
0.000557775610727013;0.0006105134
0.0005566958068428855;0.00060848607
0.000558696311016224;0.00060563366
0.0005581506239985557;0.00061081117
0.0005578059674007819;0.00060261344
0.0005584347585681826;0.0006071538
0.0005565082547132318;0.0006169145
0.0005589886311147558;0.0006034524
0.0005563315310466447;0.0006020724
0.000555931855801885;0.00060881744
0.0005564018655078192;0.0006032598
0.0005564959557408369;0.00060722395
0.0005578538764415211;0.0006018865
0.0005553958481055145;0.0006106623
0.0005573937883845678;0.0006197422
0.0005576217755381214;0.00060738635
0.0005555799638386816;0.00060548313
0.0005559984836604839;0.0006023194
0.000556350491732653;0.00060285034
0.0005566846910177877;0.0006056206
0.0005551073822732034;0.00060396
0.0005561438735304891;0.00061255123
0.0005570941665945084;0.00060270424
0.0005542024902656282;0.00060437253
0.0005555874419913284;0.0006046527
0.0005549051483333307;0.0005996366
0.0005538693283022823;0.0006000551
0.0005551005909709554;0.00060275587
0.0005568231501935148;0.00060050556
0.000555833445028647;0.00059800793
0.00055329177289662;0.0006018313
0.0005540804919100514;0.0005990495
0.0005543053333990668;0.0006074104
0.000553795170516854;0.00060129253
0.0005546605572913234;0.0006018051
0.0005544146121553097;0.0006022048
0.0005540282597250648;0.0006041017
0.0005555305657540693;0.0006076869
0.0005542682560381332;0.00059782364
0.0005530546244699508;0.0006002077
0.0005529746417826238;0.00059750833
0.0005538934232103393;0.0006110767
0.0005524805115878974;0.00059950276
0.0005543135495635828;0.00059896335
0.000553938702949764;0.0005959614
0.0005537861964273218;0.00059808267
0.0005522525069720454;0.00059990253
0.0005536727015982921;0.00059677265
0.0005530646193380418;0.0005993402
0.000553618906384432;0.0006004406
0.0005529263323344486;0.0005993482
0.0005519030915916358;0.0006021308
0.0005526942734018361;0.0005971429
0.0005516016632195954;0.0006077494
0.000550998559858846;0.00059925095
0.0005529517436547107;0.00059508946
0.0005520927081019372;0.0005969567
0.000552228750434312;0.00059683464
0.000552249327301979;0.0005955295
0.000550387940050936;0.000595505
0.0005511538646379976;0.00059631147
0.0005509705858697232;0.0005915533
0.0005507775177983077;0.0005969122
0.0005523388932679633;0.0006010053
0.000551600966259445;0.0005975547
0.000550820283579493;0.0005974335
0.0005518103860882356;0.0006046569
0.0005515958249912058;0.00059340487
0.0005526292012195642;0.00061082136
0.0005507998275693114;0.00059777603
0.0005504546757468856;0.00059570983
0.000549784049967696;0.00059590506
0.0005506368406043437;0.00059459545
0.000549657364363635;0.00059474964
0.0005506072937829518;0.0005927605
0.0005484069385075647;0.0005998123
0.0005499491759110242;0.0005955783
0.000549567670953509;0.00059155264
0.0005507115760242174;0.00059601595
0.0005494102569125397;0.00059555116
0.0005500785758302204;0.0005919436
0.0005490360614586327;0.00059261505
0.0005478015390077704;0.0005940861
0.000547987893897746;0.00059395697
0.0005489198086587222;0.0005952959
0.0005484779932119541;0.0005953797
0.0005493396064450376;0.00059622055
0.0005482164566944305;0.00059353665
0.0005508553769782578;0.000592618
0.0005487760289964315;0.000607458
0.0005473797273895654;0.00059305923
0.0005472533971585922;0.00059260405
0.0005466060515333849;0.0005922923
0.0005499410772340764;0.0005912598
0.0005498588615170631;0.0006014788
0.0005477316274712058;0.0005871592
0.000548062524390652;0.0006042925
0.0005467425661137034;0.00059704174
0.0005464501338888352;0.0005936487
0.0005451359645169424;0.0005914723
0.000547487427339595;0.00059123884
0.000547428711433895;0.000591988
0.0005459977243414246;0.0005909609
0.0005455713204451298;0.0005889736
0.0005453508126696474;0.00059329945
0.0005466273707019067;0.0005928721
0.0005470471671096196;0.0005959655
0.0005467958532359549;0.0005964286
0.0005472412997685177;0.0005889899
0.0005467600448020293;0.0006027766
0.0005453745374995235;0.00058594265
0.0005452526008747028;0.0005894601
0.0005452042303084837;0.0005916767
0.0005455962028415677;0.00058536563
0.0005457842811378406;0.0005880569
0.0005448319575455236;0.0005842048
0.0005454949504622307;0.0006063712
0.0005458505402968608;0.0005905796
0.0005456274519306853;0.0005850276
0.0005432642639406319;0.0005829446
0.0005435376274889629;0.00059465755
0.0005426627087504848;0.0005864515
0.0005444297340306404;0.0006073467
0.0005433553298261311;0.0005826016
0.0005422302791358609;0.0005911498
0.000543385617263419;0.0005887963
0.0005436665260563849;0.0005907551
0.0005451652619644608;0.0005902392
0.0005438434986373116;0.0005880464
0.0005419882904358306;0.00058221165
0.0005427808390538159;0.00058637577
0.0005434739092475196;0.0005945097
0.0005411770439853794;0.0005809549
0.0005421834446391777;0.0005832975
0.0005417927970962697;0.0005824098
0.0005412282448225213;0.00059558765
0.0005421339374917902;0.0005837736
0.0005409086011288884;0.0006076479
0.0005398912004526018;0.00059575535
0.0005410180560398945;0.00058482063
0.0005409125676746235;0.0005792895
0.0005401230257886805;0.00057947886
0.0005408499566041619;0.00058214046
0.0005403215352041451;0.00058568444
0.000539554270309102;0.00057849457
0.00053985371027681;0.0005770585
0.000539371930522305;0.0005875804
0.000539570616398889;0.00058552733
0.0005412584921271589;0.00058285735
0.0005385222786571831;0.0005822901
0.0005383082025218755;0.0005791635
0.0005385982845358452;0.00057767716
0.0005393369760560362;0.0005798081
0.0005400670802612838;0.0005780269
0.0005374794426116798;0.0005752604
0.0005374508465664755;0.00058217795
0.0005381378133805763;0.00058629486
0.0005368807875416486;0.00057707226
0.0005374186693715225;0.00058027304
0.0005364994503141038;0.0005858687
0.000537446202514203;0.0005845835
0.0005370170643896257;0.0005848999
0.0005366510474184332;0.00057491165
0.0005370142525000694;0.0005747831
0.0005367395368490466;0.00057408155
0.000537904118812692;0.0005766099
0.0005358267681195253;0.00057519093
0.0005343838037285758;0.0005729006
0.0005355779317477228;0.00057154836
0.0005346665356467527;0.000575379
0.0005354714296500836;0.00057802605
0.0005356099655680162;0.00057400536
0.0005340853197451093;0.00057580456
0.0005344254254228681;0.0005877114
0.0005346186875708793;0.0005757657
0.0005348108685881782;0.0005720453
0.0005359806990447013;0.00057441945
0.0005335000005097276;0.00057585293
0.0005340546046346917;0.00057975546
0.0005352938840300531;0.0005731877
0.0005332438985964185;0.00057406933
0.0005333198850214678;0.00057185115
0.0005332104713153584;0.0005754234
0.0005329464523942749;0.0005778721
0.0005347771818234928;0.0005717734
0.000532549170097091;0.00056910363
0.000530922375190513;0.00057764904
0.0005334279388128045;0.00057806214
0.0005328751233479891;0.0005725341
0.0005330847913252287;0.00059546996
0.0005330226426993154;0.0005783786
0.0005312481048014505;0.00057088025
0.0005319060678103645;0.00056937896
0.0005323692247896504;0.00057075394
0.0005316484482088861;0.0005696797
0.0005310464317996152;0.00056903507
0.0005302391407129011;0.00057233253
0.0005308842994150167;0.00060229405
0.0005300974075094257;0.0005699849
0.0005323768757271433;0.00056916836
0.0005312173759050079;0.000574604
0.0005310348141632092;0.00056992227
0.0005299578377927996;0.0005677008
0.0005310501500437232;0.0005696491
0.0005300585636991615;0.0005691697
0.0005303734956358217;0.0005694289
0.0005282068485700476;0.0005661796
0.0005290304402526665;0.000574099
0.0005281652976440168;0.0005744553
0.0005295006274919663;0.0005769493
0.0005283878843520621;0.00056740554
0.0005292808482313137;0.0005732826
0.0005277315194497964;0.00057801
0.000527835799087035;0.00056901574
0.0005298159662695405;0.00057300983
0.0005275848431904849;0.0005792639
0.0005274044135340343;0.0005698509
0.0005270825914952806;0.00056497945
0.0005261875597122861;0.00056997285
0.0005278879646395677;0.000565011
0.0005273410419345294;0.00059367134
0.0005273098824545742;0.00056581007
0.000525649947322611;0.0005676526
0.000526755996275154;0.0005637928
0.0005257996512993582;0.00056669285
0.0005245421084844948;0.00057163
0.0005250616532162224;0.00056750514
0.0005245326978375056;0.0005676002
0.0005261338496654245;0.00056575105
0.0005264890844333231;0.00056446
0.0005240661864119925;0.000566107
0.0005292135811606912;0.0005928145
0.0005258754462518386;0.0005792505
0.000526275165305522;0.0005665275
0.0005242579302591223;0.00056864234
0.0005242118261154055;0.00056096446
0.0005238018329500368;0.0005644622
0.0005245433711312025;0.00056940864
0.0005250414047623053;0.0005651228
0.0005231886858573968;0.0005657111
0.0005251494499756709;0.0005890905
0.0005236128637701959;0.00056428
0.0005231619591971762;0.0005618444
0.0005237922469141746;0.00056512444
0.0005235894537212229;0.0005790387
0.0005247261091809426;0.00056237954
0.0005219829423463364;0.0005606713
0.0005236729697667454;0.0005631244
0.0005240241589490324;0.00056506554
0.0005214171919138416;0.00056436635
0.0005244005624646027;0.0005617652
0.0005224283657490129;0.00056563545
0.0005237757557647695;0.00056714384
0.0005238126696847183;0.0005621943
0.000522733895923011;0.00056178047
0.0005218680218891486;0.00055974664
0.0005243848143819426;0.00057738327
0.0005220800504933945;0.00056134065
0.0005226782130959786;0.0005607223
0.000523313602254922;0.0005737813
0.0005220880211134882;0.0005609893
0.0005226036702209202;0.0005594847
0.0005212019497871791;0.0005688057
0.0005211896258467613;0.0005602481
0.000521574021427353;0.0005864662
0.0005221089930273592;0.00058939675
0.0005220728607750253;0.00056195
0.0005210889684109899;0.00056421733
0.0005203742697822714;0.00056002336
0.0005202586142235974;0.0005581806
0.0005198707444115394;0.00055907737
0.0005216973429349693;0.0005599477
0.0005204334976090314;0.00056458893
0.0005218564142093161;0.0005638522
0.0005212842152870603;0.00057613273
0.0005210671354832716;0.0005771533
0.0005214536323604223;0.0005607655
0.0005212346287934404;0.00056072813
0.0005200513096305689;0.0005625027
0.0005191258188508647;0.00056484726
0.0005193081866692457;0.00056319265
0.0005194545256304799;0.00056312064
0.000519732284010388;0.0005649279
0.0005204246338076987;0.000576417
0.000522289912853586;0.000590341
0.0005205662879712977;0.0005586506
0.0005191953883408323;0.00056099694
0.0005203082766935327;0.0005592217
0.0005196789677843059;0.00056793966
0.0005198753460334908;0.0005864288
0.0005191044054778391;0.0005679512
0.0005183714792732836;0.0005623048
0.000519389221842989;0.0005587542
0.0005185778957399491;0.0005631801
0.0005204014985601565;0.0005639289
0.000518028977737566;0.0005597813
0.0005181483346907618;0.0005628964
0.000520806247521633;0.00055552606
0.0005180933039427097;0.0005590481
0.0005188317385833025;0.0005599721
0.0005173958519375638;0.0005628243
0.0005190246139567247;0.00055706763
0.0005189949611361188;0.0005598873
0.0005178494726638555;0.00055707083
0.0005195476859195256;0.0005618436
0.0005177210435871721;0.00056289695
0.0005176426001861201;0.0005596573
0.0005180039381804434;0.0005590665
0.0005170526391961367;0.0005592797
0.0005186955554802951;0.0005565661
0.0005174377749330903;0.0005717602
0.0005183990370776308;0.0005580265
0.0005182569727032005;0.0005724025
0.0005171866382864353;0.0005560238
0.0005176734704659075;0.00055880594
0.0005171413864254168;0.00056360936
0.0005188224665624531;0.0005561844
0.0005190412412814208;0.00056160416
0.000517227818674751;0.00055768574
0.000517435483542565;0.00055618153
0.0005157214548058906;0.00055687
0.0005157226445398441;0.0005563023
0.0005161038532510007;0.0005564826
0.0005169497706351409;0.00055477384
0.0005176088317775314;0.00056725316
0.0005163428300109349;0.0005610259
0.0005176222521664673;0.0005561666
0.0005173276397583418;0.0005572741
0.0005163592664757744;0.00055790116
0.0005164678790606558;0.00055566913
0.000516511328935035;0.000563762
0.0005171890793319203;0.00055757375
0.0005171999532888693;0.00055660034
0.0005156249589115186;0.0005596858
0.0005168315887108053;0.00055564544
0.0005163640741222097;0.00055469404
0.0005154713415418213;0.0005710901
0.0005163254631425892;0.000554351
0.000514775182818994;0.0005568897
0.0005167074582698804;0.00055498455
0.0005166729065087183;0.00055875955
0.0005157350672801074;0.0005688403
0.0005158906940395307;0.0005581901
0.0005172346773753433;0.00055741024
0.0005158752604314175;0.00055875897
0.0005159498494130706;0.00055594055
0.0005146951701087681;0.000558841
0.0005159756101324762;0.0005566622
0.0005160216301814407;0.0005569664
0.0005167183279378438;0.00055625354
0.0005150566955930308;0.0005566843
0.000515967919368689;0.00057080865
0.0005155466631741116;0.0005572139
0.0005150985115170969;0.0005606095
0.0005163570651539454;0.00056617765
0.0005151830745346255;0.0005600314
0.0005151844539030112;0.0005605435
0.000515714726306645;0.00055550755
0.0005150418019375616;0.00055951887
0.0005138873906904146;0.0005611093
0.0005139561892352312;0.000558448
0.0005164715965388735;0.00055641285
0.0005143750497250279;0.0005608599
0.0005144234040543731;0.0005588125
0.0005147609875022777;0.00055411743
0.0005144737054299759;0.000559025
0.0005142331380691183;0.00055432343
0.0005131736774561241;0.0005564622
0.0005142105014161452;0.0005566878
0.0005154765808440156;0.0005582316
0.0005157281129964088;0.0005616503
0.0005143325146299934;0.00055488525
0.0005137045861613985;0.0005555885
0.0005151475672487562;0.00055750454
0.0005146109685914493;0.00055868295
0.0005139033484738321;0.0005577163
0.0005137498515020859;0.0005583547
0.000515611887309014;0.0005558967
0.0005136468446213066;0.0005644588
0.0005147996739986794;0.0005545191
0.0005127719212874868;0.000553418
0.0005147461900426271;0.00057054084
0.0005124864571323422;0.0005567503
0.0005151400858793702;0.0005709342
0.0005125715722035813;0.00055962044
0.0005136267504176909;0.0005548926
0.0005134426680773399;0.0005622597
0.0005129950621937352;0.0005529976
0.0005132686953354431;0.00055479637
0.0005138131062267348;0.00055485463
0.0005150240014221421;0.0005530692
0.0005128806234815305;0.00056205643
0.0005125122383776072;0.0005608191
0.0005131169491888662;0.00055213715
0.0005137650191930956;0.0005617398
0.0005132994288272274;0.00055366225
0.0005135876642797437;0.000558929
0.0005122610683381361;0.00055330305
0.0005136928779967619;0.00055261556
0.0005129045252320602;0.0005520455
0.0005125953350216151;0.00056822126
0.0005130821402417496;0.0005548947
0.000513534992167383;0.0005559565
0.0005140878765623233;0.00056292105
0.0005131247525385238;0.0005524494
0.0005120163783431053;0.000569437
0.0005127205377089252;0.0005581766
0.0005134894144966414;0.0005503254
0.0005132765976381243;0.00055707665
0.0005117546515784374;0.0005535707
0.0005120509968898994;0.0005559087
0.0005128389588973828;0.0005546871
0.000510965734965315;0.00057892466
0.0005127714118172758;0.000557414
0.0005119509037620829;0.00055623986
0.0005114617705418679;0.0005556231
0.000512099146113829;0.00056373473
0.000513046774492403;0.0005525704
0.0005123981012729928;0.00055069325
0.0005106329567129969;0.0005512034
0.000512831219116618;0.0005500744
0.000510581516611733;0.0005494216
0.0005121308440146477;0.0005525353
0.000511764937331655;0.000550904
0.0005101946605320432;0.0005568918
0.0005118708556677263;0.0005520831
0.0005126976218123577;0.0005611178
0.0005111899972881043;0.00055058557
0.0005121673098887856;0.0005479162
0.0005124334670223394;0.00055392174
0.000510019506634164;0.0005492451
0.0005119036366905723;0.00055124535
0.0005097294330449872;0.00055081205
0.0005096644515441241;0.0005506325
0.0005102610857360752;0.0005491261
0.000510379565898084;0.0005540203
0.000510717495834749;0.00055124564
0.0005117458985248385;0.00055211544
0.0005109923887127814;0.0005578522
0.000508770119784841;0.0005519921
0.0005100541392733392;0.0005538188
0.000509211052466478;0.00054874807
0.0005097186179084115;0.0005488671
0.0005099335310086118;0.0005543037
0.0005091983227573923;0.00055040844
0.0005092585310768826;0.00055404846
0.0005110996723248575;0.0005643449
0.0005097560348650931;0.00055087934
0.0005085457655552186;0.00054827996
0.0005093275552529744;0.0005544836
0.0005092660449200162;0.00054952543
0.0005089923379464859;0.0005589968
0.0005091609160636405;0.0005526615
0.000508443267531938;0.0005534816
0.0005096030514993656;0.000558359
0.0005086917621634999;0.0005523034
0.000509071048796422;0.00056151557
0.0005085999015902512;0.0005531849
0.0005085694874747117;0.000548663
0.0005075705534852061;0.0005521752
0.0005085362011174623;0.00055148575
0.0005096505605922031;0.00055038795
0.000509321756697701;0.0005498928
0.0005082183943350652;0.0005521008
0.0005075915074772446;0.00054802245
0.0005071326589371126;0.00055265083
0.0005088390496032508;0.0005548457
0.000508158948689111;0.00055135373
0.0005068285180880737;0.0005478789
0.0005075287202520198;0.000547486
0.0005077323599069036;0.00054946664
0.0005070848883693351;0.0005516704
0.0005075657960811727;0.00054890267
0.0005079801212751159;0.0005504432
0.0005064414576688585;0.0005528535
0.0005070950558690942;0.0005591834
0.0005072657581063379;0.0005500013
0.0005081120703835041;0.00054878904
0.0005078268678564774;0.000549247
0.0005071828805069488;0.0005476495
0.0005070770883895947;0.0005498069
0.0005068518438891165;0.0005502394
0.0005064550609523921;0.0005500254
0.000509338798675392;0.0005514926
0.0005061358922639077;0.0005514276
0.0005069662796909381;0.0005469067
0.0005062692478531971;0.0005489563
0.0005070558144085991;0.0005487204
0.0005055570049750569;0.00055106165
0.0005063815010209127;0.00054747146
0.0005071694006849276;0.00054589665
0.0005063697083019897;0.00055456994
0.0005073234837159122;0.00055654574
0.0005069937100511436;0.0005487548
0.0005064159873750453;0.00055035244
0.0005061143407242765;0.000546252
0.0005064288079187176;0.00054830976
0.0005062385780834838;0.0005527768
0.0005072781597080298;0.00054575707
0.0005054840983479823;0.0005520625
0.000507458911038396;0.00055866514
0.0005050266941237313;0.00054658874
0.0005059535007029282;0.00054845854
0.0005043069560901801;0.00054531795
0.0005053881712037286;0.0005475431
0.0005061899896980704;0.00054590567
0.0005055995494139528;0.0005450618
0.0005049424422108323;0.00055071164
0.0005051719557837044;0.00054822286
0.000504748314453632;0.0005492694
0.0005091316596678409;0.0005496006
0.0005039769318261135;0.00054725434
0.0005048014545249508;0.00054920185
0.0005041099352590543;0.00055139355
0.0005051448244270623;0.0005446769
0.0005049166065873578;0.0005557906
0.0005038273179180626;0.00054425886
0.0005058374030723874;0.00055183854
0.0005052787715900003;0.0005509702
0.0005054467371481127;0.0005542053
0.0005039233348246566;0.0005539797
0.0005045727285936377;0.0005505229
0.0005038931019187561;0.0005564076
0.0005058361667723052;0.0005479253
0.0005045177748941473;0.0005474243
0.0005040877391461675;0.0005450241
0.0005037898104331505;0.00055103377
0.0005062557141125006;0.0005454863
0.0005043493275910518;0.00054527307
0.0005034923483004892;0.0005428551
0.0005036630179108072;0.00055171835
0.000505400552432739;0.00055705465
0.0005044566044632934;0.00054667675
0.0005031477921875194;0.0005442583
0.0005038191201349132;0.0005548161
0.0005037501123488733;0.0005503848
0.0005050979514826874;0.0005462589
0.0005044415334276365;0.0005495078
0.0005046778124156653;0.00054265274
0.00050341166405767;0.0005566396
0.0005031855608410153;0.00054340763
0.0005038112676150998;0.0005552532
0.0005038898386134717;0.0005468645
0.0005028515844299507;0.00054379
0.0005038322504046128;0.000545101
0.000503680142911004;0.00054343266
0.0005029210684465637;0.00054528617
0.000502747970045005;0.00054863363
0.0005032086259330083;0.0005504338
0.000502862643119634;0.0005511955
0.0005048314582764809;0.00054427114
0.0005030526863839968;0.00054496806
0.0005029957785920583;0.0005502991
0.0005048871169013805;0.00054610096
0.0005034770246742195;0.00054446846
0.0005051969041998841;0.00054772856
0.0005043713847714428;0.00054248085
0.0005011834029573948;0.0005440317
0.0005047104529742347;0.00054469815
0.0005032958427603405;0.0005417472
0.0005027943937181447;0.00055167126
0.0005024514151859636;0.0005479647
0.0005022802694982506;0.0005419135
0.0005036106417384489;0.000543549
0.0005018452231429125;0.0005435718
0.0005029109818248176;0.0005448719
0.0005019160941868138;0.0005484634
0.0005023588444792519;0.0005448365
0.0005039763011920609;0.0005435593
0.0005028614835617573;0.00054517004
0.0005019892230752463;0.00054404896
0.0005019760163696973;0.00055079197
0.0005021042271676523;0.0005510147
0.0005028844227413892;0.0005438444
0.0005012407787082913;0.00054358575
0.0005019794052809869;0.0005510051
0.0005031497427568722;0.0005418454
0.000502868031617254;0.0005430252
0.0005030793160825085;0.000544054
0.0005013231005776968;0.00054853916
0.0005016174838314519;0.00054403837
0.0005028322996191778;0.00054848794
0.0005014430667200175;0.0005453487
0.0005017788970450821;0.00054287276
0.000502319503299843;0.0005387609
0.0005037007104348098;0.0005442027
0.0005010380017522134;0.000545597
0.0005007179135358647;0.0005439292
0.0005022597784102944;0.0005482764
0.0005016579260547204;0.0005611919
0.0005026935771303741;0.0005450084
0.000501302613625548;0.0005473706
0.0005011077746626382;0.0005545309
0.0005022194270216124;0.00054315536
0.0005024181518054224;0.00054352765
0.0005022555177626936;0.0005669654
0.0005014489839882835;0.000542538
0.0004996410889649077;0.0005430353
0.0005021190466849428;0.0005410493
0.000501849466175037;0.0005466026
0.0005006996867259181;0.0005445054
0.000502147784573026;0.0005435789
0.0005008504742842265;0.0005510677
0.0005002133281729919;0.0005431493
0.0005004804057534784;0.00055350614
0.0005021623043208628;0.000544135
0.0005015287963416133;0.00054105464
0.0005016628254548108;0.0005435935
0.0005001476380704461;0.00054154434
0.0005027132690884172;0.000539812
0.0005010462692313779;0.0005415614
0.0004996226219717708;0.00054975966
0.0005021222458086222;0.00054018834
0.000500330695649609;0.00054082955
0.000501416515908204;0.00054172135
0.0004997572058958834;0.00054013025
0.0005001236206704848;0.0005426764
0.0004996324650404092;0.0005434943
0.0005016870223794525;0.0005434529
0.0005035071586270964;0.0005398762
0.000499191868431425;0.00054216373
0.000498677048323627;0.00054267445
0.0005003722620466233;0.00054233795
0.00050062161631343;0.0005506874
0.0004997340113684339;0.00054305315
0.0005002093709711181;0.0005390493
0.0004996570847364828;0.00054542767
0.0005021986219186434;0.0005469664
0.0004999982701663516;0.00054566434
0.0005002765202478163;0.00054983434
0.0004997492262382845;0.0005460952
0.0005012715423761524;0.00054715556
0.0005005498053689831;0.0005438383
0.0005002239712906119;0.0005543181
0.0004993585535741754;0.00054037955
0.0004991311972078525;0.00054273126
0.0004997085730888342;0.0005402857
0.0004991558170571041;0.0005444433
0.0004987175758670721;0.0005616511
0.0005009028993203843;0.0005392017
0.0005000875040423125;0.0005411604
0.0004990194577993334;0.00054048956
0.0005007998170760019;0.0005404947
0.0004984576009998196;0.0005433686
0.0005015871351229419;0.0005414278
0.0004997549910943857;0.0005444044
0.000500653309312551;0.0005413699
0.000498784384782132;0.0005433145
0.0004993181084405238;0.0005386036
0.0004981936156247301;0.00054189505
0.0005021409704472477;0.0005572645
0.0004998395902619354;0.0005526253
0.0004988946657823889;0.0005618945
0.0005000128179457725;0.00053913216
0.0004997280300717408;0.0005448509
0.0004994003658219682;0.0005408896
0.0004986344760063251;0.00055021787
0.0005013918641979169;0.0005427363
0.0004990802769929073;0.0005400337
0.0004984529659850523;0.0005402845
0.0005002580399281884;0.0005527316
0.0004994690824165254;0.0005408535
0.000497810465688082;0.0005434691
0.0004974572968326116;0.0005390928
0.000500208087492195;0.0005411306
0.0004993456916724283;0.00054269395
0.0004991518497454787;0.0005419921
0.0004985509763508545;0.00053989183
0.0005000911476887077;0.00054479646
0.0004990890951471795;0.0005407149
0.0004984070346261816;0.0005420016
0.0004978669455005347;0.00054027763
0.0004991293625942872;0.0005458149
0.000499559147896147;0.0005401275
0.000499795332679672;0.000541076
0.0004996105408185701;0.00054205063
0.0004987755796479943;0.00054543733
0.0004983126532016812;0.0005473069
0.0004989475328904136;0.00054698513
0.0004990043019030341;0.00053738966
0.0005002425868664624;0.00055368576
0.0004995480902787102;0.00053945335
0.0004973426891650122;0.0005403601
0.0004984132991490984;0.0005413598
0.0004996412429088531;0.00054390955
0.0004978964181837479;0.0005392231
0.0004976301830825641;0.00054547115
0.0004980230454269699;0.0005442525
0.0004979651769022702;0.00054432114
0.0004988934117136524;0.00053865707
0.0004987478152064509;0.0005385368
0.0004982447626963748;0.00054659636
0.0004993203327390611;0.0005401129
0.0004977385809118124;0.0005429899
0.000497983206265704;0.00054070697
0.0004969491211293069;0.0005402759
0.0004994209872644492;0.0005387699
0.0004993832175387069;0.0005423544
0.0004994993117993305;0.0005391435
0.0004970529637495546;0.00054379384
0.0004988970432589811;0.00054050697
0.0004974901631756343;0.0005391144
0.0004984046524010696;0.0005400258
0.0004976139126627363;0.00053763203
0.0004977666748393523;0.0005371365
0.0004979602848547266;0.0005452236
0.0004993566019325762;0.0005386354
0.0004987264461018831;0.00054390077
0.0004970222694713524;0.0005439431
0.0004972540508453293;0.0005373055
0.0004966942259527154;0.00054870563
0.0004980367965273265;0.0005396723
0.0004970304563788599;0.0005385079
0.0004989455277896732;0.0005426343
0.0004994355309080626;0.000541019
0.0004977985778455867;0.000537286
0.0004975803587034247;0.0005395892
0.0004964704378691845;0.0005391012
0.0004960217986464206;0.00053765316
0.0004972169757820666;0.00053755566
0.0004981519992916698;0.0005402128
0.0004985504743863681;0.0005429967
0.0004981524882360215;0.00054102193
0.0004975736570103388;0.00053738675
0.0004966513671924507;0.0005374853
0.0004966982508592896;0.00054067135
0.0004990317970575568;0.00053972553
0.0004977598794012968;0.00054041436
0.0004967803500078031;0.0005380903
0.0004968288668590647;0.00054060074
0.000496847075747179;0.0005384232
0.0004976584865576832;0.00053725793
0.0004967766098592332;0.0005407382
0.000498422457971365;0.00053810043
0.000498376411575775;0.00054285256
0.0004967259171136998;0.00053774705
0.0004968667859334107;0.0005380821
0.0004966346971310773;0.0005342231
0.0004983493345973425;0.0005361837
0.000496256553819158;0.000544764
0.0004964317415693873;0.00053810776
0.0004963876742342683;0.0005371116
0.0004963479971353847;0.00054531056
0.0004979005806442154;0.00053934363
0.0004973510278719722;0.00053826923
0.0004966132601686312;0.00053846935
0.000497466485371421;0.0005410888
0.0004985230536763801;0.0005403432
0.0004967158816534242;0.0005365821
0.0004957524037883176;0.0005379591
0.0004966633624127625;0.00053810014
0.0004952226111383521;0.0005411432
0.0004974887078309333;0.00053681113
0.0004969699675903508;0.00054924696
0.0004965838325197661;0.00053525245
0.0004961814621071282;0.0005621637
0.0004965526074796032;0.00053668255
0.0004962927718512028;0.00053649506
0.0004971495728425093;0.0005425735
0.0004968409172234762;0.0005411202
0.0004966111230284073;0.00054647686
0.0004961560694745889;0.00053687516
0.0004955592462609179;0.00054341974
0.000496468941932299;0.0005376858
0.00049563329820031;0.00053793663
0.0004963846328839856;0.00053904083
0.0004961115468942903;0.0005356166
0.0004951750862681748;0.00053727586
0.000495564732332959;0.000536875
0.0004968611742553644;0.0005407097
0.000496670508475386;0.0005388057
0.0004950312548317015;0.0005379702
0.0004966726371908168;0.0005386263
0.0004961700532524111;0.00054283545
0.0004960819841423808;0.00053772965
0.0004959272816593415;0.00053718744
0.0004962999948092099;0.00053973164
0.0004961142514060301;0.0005415624
0.0004973955941080164;0.0005369001
0.0004955098984187077;0.0005358283
0.0004979856301552469;0.0005399961
0.0004961556615614283;0.0005360684
0.0004954699892550707;0.0005358477
0.0004962689782443799;0.0005373665
0.0004957336210952092;0.0005484122
0.0004963729536700014;0.0005347138
0.000495232032507805;0.0005517174
0.0004968669081694986;0.0005505245
0.0004960956641681198;0.0005379186
0.0004950363642389052;0.00054634304
0.0004948208234150355;0.0005351134
0.0004961040543429063;0.0005358034
0.0004966809809526527;0.0005503942
0.0004978726631777949;0.00054167875
0.0004947942096470414;0.0005374328
0.0004971449085707336;0.0005338023
0.0004952846646406933;0.0005367754
0.0004965150950929934;0.0005345257
0.0004944457203811524;0.00053899613
0.0004955551292943327;0.000535592
0.0004957807392776503;0.0005353474
0.0004954494617107374;0.00054306956
0.0004948043697942539;0.000539623
0.0004951872777095751;0.0005396214
0.0004948000337830499;0.00053779397
0.0004957629295715474;0.0005426295
0.000495155893364235;0.00055480306
0.0004958443634677679;0.0005367269
0.0004944248520156467;0.0005449715
0.0004964962983075039;0.00054503937
0.000496267422414875;0.0005354122
0.0004948913521059838;0.0005342519
0.0004965211635479998;0.00054896343
0.0004966006802676834;0.00053916615
0.0004960107330637249;0.0005459142
0.0004943388535665642;0.0005375332
0.0004940291949376268;0.0005436533
0.0004949622666524527;0.00053439103
0.0004953196165029352;0.00053484435
0.0004960434364252969;0.00053462735
0.000494123687416217;0.0005387555
0.000496934319993383;0.00053329335
0.0004949007390103744;0.00053883484
0.0004947533008434172;0.00053341745
0.0004933221665468361;0.00053801073
0.000495491610490717;0.0005387257
0.0004954951806116457;0.0005535984
0.0004957345802961897;0.00053899246
0.0004936950507965919;0.0005356685
0.0004951563351297457;0.00053536514
0.0004936492943670601;0.0005363331
0.0004950633457874095;0.00053712097
0.0004954534163085842;0.00054272055
0.0004951339135387618;0.0005389628
0.0004955931134693521;0.0005357639
0.0004948477470622349;0.0005346965
0.0004946370785259397;0.0005371832
0.0004939659163172013;0.0005346652
0.0004955467259462335;0.0005358065
0.0004952248564222828;0.0005349289
0.0004925497485888436;0.00054155156
0.0004947931635941035;0.0005454376
0.0004952240847112414;0.00053487456
0.0004944765686033;0.00053892995
0.0004944484524649421;0.00053845777
0.0004944842808120149;0.000538233
0.0004934617822168787;0.00054044434
0.0004941676801536232;0.00053598214
0.0004944786558074779;0.00053670024
0.0004953530891246996;0.00053658336
0.0004931551286350249;0.00053820736
0.0004962213414010445;0.0005414206
0.0004937276745055753;0.0005390212
0.0004932883961469327;0.00053516263
0.00049392435834498;0.0005358002
0.0004945530739955996;0.00054239226
0.0004964500356245002;0.00054137356
0.0004945610420116664;0.00053548097
0.0004932662239298224;0.00053590647
0.0004937626615987698;0.0005336484
0.0004947242648708389;0.00053587137
0.0004930273004758515;0.0005359086
0.0004937136130664792;0.0005383094
0.0004934175437818723;0.00053381623
0.0004939336271490901;0.0005402863
0.0004943619253983917;0.00053714245
0.0004960354362418385;0.0005358047
0.0004937947501036289;0.00054068334
0.0004932718022150526;0.00053777476
0.0004946930029147647;0.0005353704
0.0004935157149846323;0.0005333172
0.0004932219142670204;0.0005334491
0.000493902470885874;0.0005385854
0.0004959064508224593;0.00053781265
0.000493441264782297;0.0005322427
0.000494533269298508;0.0005352252
0.0004941742300472565;0.0005343181
0.000494223745619437;0.00053535646
0.0004942385655962617;0.0005429736
0.0004928728885715827;0.0005344992
0.0004937897358199974;0.00054137147
0.0004939726016202354;0.0005457987
0.000494993030933026;0.0005396469
0.0004933063846118258;0.00053615065
0.0004933153384818549;0.0005398611
0.0004942857851825752;0.00053962483
0.0004959204039646705;0.00053577893
0.0004928878205215656;0.0005354435
0.0004933549688614316;0.000533123
0.0004941363099006642;0.00053674827
0.0004932524496995795;0.00053629646
0.0004941663977469465;0.0005458191
0.0004938517835015726;0.0005342192
0.0004937108929305779;0.0005395853
0.0004947612218338212;0.000540537
0.0004926079222442288;0.0005356639
0.0004937435475815283;0.0005511764
0.0004951096122998647;0.0005388758
0.0004933333647817275;0.00053648977
0.0004933483043906132;0.00053340284
0.0004946313954669198;0.0005360561
0.0004949641662135132;0.0005371379
0.0004926740936322235;0.0005413419
0.0004944667053151582;0.00053496414
0.0004922075123575173;0.0005374563
0.000492771728864969;0.0005438621
0.0004929515972770261;0.0005376748
0.000493837417544503;0.000535023
0.0004935447180239288;0.0005338579
0.0004930432470772709;0.0005378319
0.0004929701215587556;0.000539607
0.0004928520477781268;0.00054674805
0.0004944217366803634;0.0005419943
0.0004930190650109006;0.00053373695
0.0004944586092422373;0.00054049626
0.0004942432605036485;0.0005356543
0.0004937475080001413;0.0005370201
0.0004927132790295505;0.0005352432
0.0004924424435318399;0.00053281704
0.0004922839307446817;0.00053452526
0.000494520274131853;0.0005431
0.0004947133135589722;0.0005400264
0.0004935468309620199;0.0005375613
0.0004930988047578323;0.00053862674
0.0004946113484421451;0.0005447193
0.0004921344721591786;0.0005333342
0.0004938426945284989;0.00053353916
0.0004927422335114036;0.0005333586
0.0004930704220896587;0.000535946
0.0004933420430844356;0.00054266327
0.0004929587620273722;0.00053609425
0.0004948230072745661;0.00053686695
0.0004921369626811755;0.00054302247
0.0004924781127269135;0.0005407514
0.0004937575691943302;0.0005365249
0.0004927848690912421;0.00053508603
0.0004921282443989951;0.0005416481
0.0004935715684520178;0.0005402219
0.0004946379870249841;0.0005341349
0.0004943199693164053;0.00053525117
0.0004928189818440985;0.0005378067
0.0004933175022750603;0.0005356325
0.0004928040318191052;0.0005370122
0.0004924527608397368;0.0005532236
0.0004936024895869195;0.0005439974
0.000493506376331329;0.00053367537
0.0004922436663611351;0.0005360812
0.0004940930371001166;0.00053558213
0.0004929597256705165;0.000534897
0.0004924637538160345;0.00053339195
0.0004942168866124886;0.000535952
0.0004928169369170639;0.0005369528
0.0004919545622358687;0.0005366166
0.0004929985622814121;0.0005346187
0.0004920144707859053;0.00053848245
0.0004929709013882338;0.0005333708
0.0004927936549249448;0.0005338858
0.0004926068755785787;0.0005406749
0.0004954085620977965;0.00053363695
0.0004919968949826924;0.00055255415
0.0004930720024276525;0.00054034736
0.0004932837531669065;0.00053450774
0.0004929180551124247;0.000533727
0.0004935629025567323;0.00053638406
0.0004918904348558403;0.00053386437
0.000492619974293599;0.0005373997
0.0004934825834903964;0.0005588971
0.0004932817826844066;0.00053807435
0.0004937148305256606;0.00053223665
0.0004930202372825557;0.00053748157
0.0004922836300561596;0.0005327644
0.0004919332833531754;0.0005390018
0.0004925457115812031;0.0005351038
0.000493032910162583;0.0005326838
0.0004920883448855755;0.0005349615
0.000492549802507519;0.0005367838
0.0004929139370735931;0.0005352179
0.0004918472735689169;0.00053606246
0.0004922331179075531;0.00053905026
0.0004928555066917875;0.00053447316
0.0004935408778500891;0.00053396984
0.0004929656337480992;0.0005375989
0.0004923346561171408;0.0005472827
0.0004929739174641375;0.0005440283
0.0004922660257618286;0.0005356519
0.0004925975972774291;0.0005347359
0.0004925143819204287;0.00054561364
0.0004909814903696411;0.00053557404
0.0004921337615661813;0.0005416946
0.0004922338844105405;0.0005426186
0.00049195311301829;0.00053625094
0.0004922811465803533;0.00054393493
0.0004918834381418205;0.0005370179
0.0004931711440133911;0.000536529
0.000493490470015738;0.00053610833
0.000492225895102724;0.0005367304
0.0004939541842567881;0.00054250046
0.000492221583753187;0.0005351654
0.0004922956386029622;0.0005346166
0.0004911317202066513;0.00053548877
0.0004927863973486973;0.000538591
0.0004926229396675665;0.0005450694
0.0004924948256781423;0.0005382794
0.0004907034813904351;0.000534016
0.0004919986814983483;0.00053305033
0.0004910429801767398;0.00053856213
0.000492092829939027;0.0005348814
0.0004929002398919118;0.0005347061
0.0004929091081354081;0.0005369232
0.0004926788933134;0.0005382619
0.0004915060464746172;0.00054061436
0.0004932143691755636;0.0005331404
0.000494151628625236;0.0005333886
0.0004913471954703135;0.0005353413
0.0004919004006201009;0.00053767976
0.0004923121548735684;0.00053324987
0.0004916899476053291;0.00053746597
0.0004926316505972002;0.00053502835
0.0004924410572704418;0.00054442656
0.0004919226459031435;0.0005381824
0.0004921737620239391;0.0005342287
0.0004927351997282945;0.0005388282
0.0004928915646527648;0.00054466026
0.00049195458260855;0.0005497793
0.0004923492251883114;0.00053705456
0.0004920719245044318;0.00053717615
0.0004916545673040673;0.00053280115
0.0004934636093247191;0.0005382521
0.0004923130572454905;0.00053485105
0.0004926113333663364;0.00053808937
0.0004912899414959707;0.00053769205
0.0004923568136291579;0.00053422555
0.0004908409813651815;0.0005341101
0.0004922583425037661;0.0005365843
0.0004910387172314682;0.00053395104
0.0004918894551290003;0.0005351936
0.0004921917716274038;0.0005324997
0.0004935907821881732;0.00053163705
0.0004916576959658414;0.00053577364
0.0004918380398425812;0.0005334029
0.0004905905536265651;0.00053651544
0.0004923949466932467;0.0005438579
0.0004929998926328201;0.00053569104
0.0004917986433658945;0.0005348982
0.0004916277972944571;0.00053572573
0.0004912075120955706;0.0005423591
0.0004916613814298456;0.0005367584
0.000491947154085593;0.00053384854
0.000491124780934402;0.00053329347
0.0004907290993478934;0.0005346848
0.0004915246458135937;0.0005468407
0.0004917337076652698;0.0005362066
0.0004939443583440918;0.00053379283
0.0004917546270390679;0.0005360841
0.0004922924926320679;0.00053268234
0.0004912256571084359;0.0005361381
0.0004912096365220158;0.0005373634
0.0004915538412445274;0.0005388569
0.0004914831298121594;0.00053620426
0.0004938646775707112;0.0005324756
0.0004917846905300394;0.0005340657
0.0004911715438969336;0.0005337235
0.0004913244590984265;0.0005391948
0.0004931109690867169;0.00053156936
0.0004916028122687222;0.00053271657
0.0004918063422481186;0.0005396042
0.0004919273754287707;0.00053325493
0.00049159862024489;0.0005339398
0.0004925925515922963;0.00054876844
0.0004916563457012863;0.0005312408
0.000492430412008329;0.0005361656
0.000491612522531987;0.0005337496
0.0004917711783874486;0.00053252606
0.0004911200710155658;0.0005449569
0.0004903907864660907;0.000533503
0.0004918043494016226;0.0005350199
0.000490915513058242;0.0005404746
0.0004908015332674902;0.0005353044
0.0004918484677450339;0.0005341608
0.0004919202809871517;0.0005385577
0.000492697524207056;0.0005362513
0.0004915434041513914;0.0005354936
0.0004912517413398937;0.0005371746
0.0004915337908498354;0.00053199247
0.0004917221093292985;0.0005357582
0.0004914240625160011;0.00053171377
0.0004925516522857116;0.0005372539
0.0004920313857789887;0.0005394964
0.0004920783846357249;0.00053273316
0.0004909142922291434;0.0005318478
0.0004908398043450066;0.0005328658
0.0004913588057541729;0.00053327176
0.0004908037610891227;0.00053338194
0.0004924773816080567;0.0005360967
0.0004913506001589427;0.00053585455
0.0004929651124831779;0.0005329682
0.0004918152253498863;0.0005373819
0.0004916828429007804;0.0005326558
0.0004914848170684356;0.00053794996
0.0004909223313198278;0.00054360076
0.0004911890689982101;0.0005360993
0.0004915416992796389;0.0005342244
0.0004918787619221563;0.00053422333
0.0004907670988407182;0.00053382653
0.0004903107190712992;0.00053461426
0.0004902441746947405;0.0005333734
0.0004910287347707996;0.00053234695
0.0004904035282762427;0.00055119477
0.0004916791626448302;0.000532598
0.0004919957501299091;0.000536519
0.0004930763675426868;0.0005309315
0.0004917911898749145;0.00054210896
0.0004906366184035218;0.0005335841
0.0004905895074204492;0.0005329732
0.0004917189696387044;0.00053116545
0.0004924846073232689;0.0005315654
0.0004900260810054055;0.000536085
0.0004916847519588804;0.00053801446
0.0004907732562921746;0.0005306686
0.0004912104684320327;0.00053547916
0.0004924244299457458;0.0005397552
0.0004921410531479571;0.0005328746
0.00049147905650132;0.00053455395
0.000490389381823326;0.0005343656
0.0004916733196679209;0.0005339953
0.0004901046725296367;0.0005340802
0.0004906082610097273;0.00053219066
0.0004910359385815498;0.00054003584
0.0004918664889900307;0.0005336282
0.0004908147241956995;0.00056714617
0.0004913681505345984;0.0005356002
0.0004914243233782288;0.0005342749
0.0004907746339756015;0.0005341466
0.0004903067375141147;0.0005370434
0.0004903371471874906;0.000532735
0.0004913691497150514;0.000531511
0.0004907797885703315;0.0005396579
0.0004912701159666635;0.00053273217
0.0004913301802987821;0.00053681555
0.0004925037132220735;0.0005409869
0.0004911570282849042;0.0005332072
0.0004915090331403342;0.00053427817
0.0004914771593911083;0.000533844
0.0004903678243097506;0.0005426162
0.0004921979799339743;0.0005338772
0.0004920553956732252;0.0005334244
0.0004898157869894547;0.00053897494
0.0004915550306721247;0.0005407425
0.0004909204821543474;0.00053435867
0.0004897226688243743;0.00053871365
0.000491070754881213;0.00053458713
0.0004912495587057875;0.00054251135
0.000491324234998932;0.0005387462
0.0004911548075094623;0.00055696076
0.0004900442972460663;0.0005322769
0.0004903400946396256;0.000533583
0.0004895273790584485;0.0005337136
0.0004907840268539363;0.0005355572
0.0004902304678628417;0.00053114776
0.0004901243710743362;0.0005362239
0.0004910898632308665;0.00053563
0.0004913470154860988;0.00053849595
0.0004909652279150721;0.0005445323
0.000491414615872169;0.0005322465
0.0004894609910766839;0.0005304643
0.0004902333546564669;0.0005346415
0.0004900554567269099;0.00053369545
0.0004909229939680939;0.0005378087
0.0004907289576581924;0.0005356453
0.000489848499082176;0.0005389851
0.0004935964834753816;0.00053597277
0.0004925690882373601;0.0005333399
0.0004899366499892877;0.00053342246
0.0004912516286008453;0.0005372715
0.0004901846814104111;0.00053292164
0.0004904369429967023;0.00053281756
0.0004898675565767151;0.000534483
0.0004895965772448108;0.00053306075
0.0004896531325740446;0.00053148536
0.0004901220007971125;0.00053544
0.0004907731605558901;0.00053356454
0.0004905319817082368;0.00053617504
0.0004917011364963592;0.00053440174
0.0004902565157911005;0.0005337993
0.0004900213942164555;0.0005302067
0.000490295505273695;0.00053356274
0.0004888968565194917;0.0005321727
0.000489730313787923;0.00053476193
0.0004907651599128976;0.0005367935
0.0004905447734544348;0.00053206034
0.0004901640567511908;0.00053592585
0.0004908102495583558;0.0005364994
0.0004895017974041893;0.00053598173
0.0004899170436577773;0.00053113006
0.0004896623005869945;0.00053098716
0.0004904803876630276;0.0005316015
0.0004909052217906144;0.0005379378
0.0004896514030406252;0.00054096215
0.000489715654035344;0.0005335044
0.0004902797366651755;0.0005330504
0.000491494189267733;0.0005421604
0.0004887866740127242;0.00053396553
0.00048951073381192;0.0005363121
0.0004911046548697509;0.0005351061
0.0004891936428305742;0.00053261087
0.000492509189490719;0.0005507121
0.0004904675154983507;0.00053109985
0.0004889118929369081;0.0005311395
0.0004907128166738212;0.0005320674
0.0004898643887013589;0.0005377302
0.0004913864387689452;0.00053197565
0.0004896610085301003;0.0005367303
0.0004893132414987408;0.00053247483
0.0004902999596915355;0.0005461664
0.0004908470654443495;0.00053578825
0.0004895380845195369;0.0005320408
0.0004906100885771019;0.0005315827
0.0004890826631852083;0.00054491597
0.0004903313403606022;0.0005355529
0.0004888149275517974;0.00053108606
0.0004898622134197994;0.0005315127
0.0004894130282704474;0.00053506927
0.0004894547158313033;0.0005329375
0.0004892106567766811;0.00053112034
0.0004908243685924007;0.00053347606
0.0004907205613562838;0.0005320651
0.0004897678278594915;0.0005354809
0.0004899053756257911;0.0005320817
0.0004920139136773192;0.0005310254
0.0004897116960675799;0.00053076015
0.0004902565331002208;0.00053256383
0.0004889123333238163;0.0005317227
0.0004896997556850118;0.00053400674
0.0004888861240990656;0.0005360004
0.0004904895340778718;0.0005341404
0.0004898115105645143;0.00053107087
0.0004891923942762476;0.0005344124
0.0004890397672026761;0.00053278543
0.000489617213086029;0.00053277734
0.0004913970497191736;0.0005381888
0.0004898120783955643;0.0005319512
0.000488602978446962;0.00053439214
0.000489736172388994;0.00053234585
0.0004898824293999688;0.0005324749
0.0004906390620530338;0.0005365471
0.0004908362452528979;0.00053060136
0.0004901421466217327;0.0005301734
0.0004898210411499206;0.0005339506
0.0004885195207622784;0.0005343901
0.0004895979128042726;0.0005318384
0.00048815871368309383;0.00054829643
0.0004904546920442953;0.00053094706
0.0004893945935978799;0.0005371487
0.0004898162889539411;0.00053331064
0.000489667052936152;0.00054345344
0.0004902406489954477;0.0005328568
0.0004916907482670228;0.00052997586
0.0004898455916095133;0.0005319653
0.000488325094767405;0.00053470494
0.0004889249142970106;0.00053373975
0.0004904535468851559;0.0005316324
0.0004885921626976741;0.0005381987
0.0004900087715788303;0.0005310006
0.0004894201804601931;0.00053553574
0.0004880266472403156;0.00053151994
0.0004897663126221711;0.00053232675
0.0004898631271268977;0.00053388154
0.0004890704075622029;0.0005369271
0.0004894844248682555;0.00053171476
0.0004899523608496805;0.00053382694
0.0004884155658625164;0.00052947795
0.0004885720593033751;0.0005334095
0.0004894176626725024;0.0005307156
0.0004899534830321117;0.00053155486
0.00048803361745453197;0.0005327079
0.0004892444282488309;0.0005326261
0.000489389645180812;0.00053118146
0.0004888012806125181;0.00053403276
0.0004886553229114629;0.00053973176
0.0004908965565080411;0.0005320875
0.0004888090836558197;0.00053158926
0.0004889017035326871;0.00053475675
0.0004894832985500168;0.0005323832
0.0004896009795821124;0.0005413502
0.0004891398828476667;0.00053097523
0.0004894446053137807;0.0005327219
0.0004889346193522215;0.0005310481
0.0004892588217779504;0.0005384363
0.0004890969355504862;0.00054599805
0.0004884416068977628;0.00053160085
0.0004887228300120976;0.0005311703
0.0004886265678674375;0.00053331733
0.0004904802363231091;0.0005339271
0.0004896743742344705;0.00053170143
0.0004892837470642438;0.0005329555
0.0004887825769592861;0.0005318627
0.0004894248310991219;0.0005326126
0.0004877190399718912;0.0005316373
0.0004892365677637587;0.0005305074
0.0004890276926361319;0.0005352494
0.0004890164357340453;0.0005315214
0.0004886053825765358;0.0005390714
0.0004891011344673309;0.00053716864
0.0004881961744486991;0.00053434126
0.0004889961024194858;0.0005307259
0.00048781110059567973;0.00053236826
0.0004895303180857904;0.0005310463
0.0004888750569845893;0.0005381502
0.0004884372569473558;0.00052993797
0.0004891994141201538;0.00053072453
0.0004887474204511627;0.0005322603
0.0004897585089661573;0.0005311207
0.0004894912544650173;0.00053997926
0.0004883334618123052;0.0005310214
0.00048823515045162485;0.0005306618
0.0004880367631190702;0.0005362151
0.0004889214161697677;0.0005357231
0.0004883441784553916;0.0005305181
0.0004886895295624671;0.00054541626
0.0004890878410630026;0.0005315458
0.0004885932020107774;0.0005388741
0.0004890710195085328;0.000532128
0.0004893051679429941;0.0005327448
0.0004883162485815487;0.00054023945
0.00048821345017610216;0.00053127046
0.0004884967735147496;0.0005351943
0.00048756107831937504;0.00053221063
0.0004883263034954373;0.000529476
0.0004891050771172893;0.0005289487
0.0004885827693598051;0.0005304802
0.000489196781755278;0.0005342346
0.00048820645193030176;0.0005350882
0.0004878260089562422;0.0005350658
0.0004891732505424635;0.00053528877
0.0004906856551411022;0.0005362593
0.0004871743541259907;0.00053318316
0.0004884313085839446;0.00053103967
0.00048737758341686505;0.0005320221
0.0004886808255258457;0.000531373
0.0004896485487207476;0.0005318708
0.00048728692084918485;0.0005320956
0.0004889799402965428;0.0005346734
0.0004889026400633157;0.00053830596
0.0004870173426369499;0.0005304384
0.0004883797045821618;0.00053596176
0.00048824030228914985;0.0005366353
0.00048746748637457034;0.0005300573
0.00048818474889757407;0.0005400999
0.0004880459953136252;0.00053378654
0.00048821081643262386;0.00052956113
0.00048810861756608476;0.00053088967
0.00048791905543399286;0.00053283776
0.00048783108144753463;0.0005316545
0.0004882452343161659;0.0005302695
0.00048742004958177474;0.0005323161
0.00048698914240383987;0.0005316977
0.00048802450366661345;0.00053128623
0.0004898875414111994;0.00053469173
0.0004873808001560208;0.0005309116
0.0004879757329993146;0.0005373333
0.00048819145625824794;0.0005302017
0.0004878677718807012;0.000531813
0.000488324679961232;0.00053311273
0.0004873847984096133;0.00052972324
0.0004886090138155085;0.0005415591
0.0004888080281058424;0.0005305799
0.0004883560636938599;0.0005288538
0.0004874654154072663;0.0005310506
0.00048749511494717906;0.00053114136
0.00048820811758847223;0.0005313255
0.000487784181697;0.00053364143
0.000488692134814827;0.0005323712
0.0004885166603152787;0.00053485547
0.000490005572761507;0.00053575204
0.0004874522370396574;0.00052935083
0.00048735414487677384;0.00053009484
0.00048741772908741904;0.000535507
0.0004878795566343653;0.00053416775
0.00048766424695618056;0.000530326
0.000488831350536968;0.00052919175
0.0004886057960041063;0.0005291202
0.0004866607436652932;0.0005410064
0.00048652166258666274;0.00053778343
0.00048704068253037374;0.0005297546
0.00048786682263629415;0.00053155725
0.00048751429866043556;0.00053232815
0.0004884709285474137;0.00052995957
0.0004875318637411845;0.0005321715
0.000488150016386307;0.0005317551
0.0004873840967009432;0.00053396245
0.0004887201928987021;0.0005387064
0.0004878741926452341;0.0005395676
0.00048777212306097344;0.00053609064
0.00048725993547122927;0.00053105416
0.00048820930533111095;0.0005331251
0.0004896855203888232;0.0005298563
0.0004870400618528947;0.0005290733
0.0004874192729690357;0.0005345207
0.0004873120077383263;0.00052953657
0.0004867536501383017;0.0005322718
0.000487984918934097;0.0005299028
0.00048731292987021766;0.0005288313
0.00048734813953112615;0.0005321154
0.00048709908595284153;0.00053016265
0.0004877407862008304;0.0005369989
0.0004878499935760996;0.000543204
0.00048760631624119064;0.0005329636
0.00048786594124976544;0.0005302837
0.0004876479989003488;0.000534275
0.00048662095995448336;0.00052874815
0.000487751149921678;0.00053248636
0.0004888959438846398;0.0005327761
0.0004883625771311161;0.0005391758
0.0004880411106186282;0.00053185254
0.00048795472646720315;0.0005302508
0.00048779590931524963;0.0005311562
0.0004895051607347437;0.00053544354
0.0004876153175964167;0.000532218
0.0004862350934050291;0.00052886055
0.00048702215947406854;0.00052973104
0.0004871674654024996;0.0005282768
0.0004863241581724172;0.0005523525
0.0004882749634194433;0.00053321576
0.000487382487412297;0.00053439086
0.0004863232100002566;0.0005286762
0.00048650894206826034;0.00052977965
0.0004875876563968823;0.0005322659
0.00048774022082062927;0.00052822323
0.0004888172436039895;0.0005409441
0.00048743087635988273;0.00053001835
0.00048640806329019955;0.0005336896
0.00048757835756987335;0.0005348021
0.0004875981808015096;0.0005281987
0.0004873017360774898;0.00053012045
0.0004876935912761837;0.000534285
0.00048755407808225997;0.0005393092
0.00048774156940022584;0.00053750904
0.0004885715737289406;0.0005330105
0.0004867485393524954;0.00053710165
0.0004883252545321164;0.0005372827
0.00048709970693667663;0.000531044
0.0004876284406667477;0.00053037185
0.00048637802660538764;0.00053062773
0.0004863475850709763;0.0005294049
0.00048613796350668723;0.0005288581
0.0004859750785583042;0.00052869064
0.0004870461762613176;0.0005356016
0.0004881527628688338;0.0005337189
0.0004876443930889333;0.00053824665
0.0004893759830769054;0.00052751217
0.00048797658972417644;0.0005391025
0.0004869264245682739;0.00053041725
0.00048616070079764254;0.00053269294
0.00048653563916511636;0.00052934425
0.0004868503618605533;0.00052794226
0.0004868901690076056;0.000529438
0.00048623296775315936;0.00053298345
0.0004857927718579671;0.00053057034
0.0004872903786905992;0.00052864995
0.0004870694694354346;0.0005288907
0.00048672277970533625;0.0005290825
0.00048719748952671103;0.00052990014
0.0004884149062778114;0.0005311035
0.0004868117536381377;0.00053361733
0.00048642405523232333;0.00053145096
0.00048656975130526053;0.0005284614
0.00048698030004743484;0.0005275839
0.00048502466678129215;0.0005313951
0.00048761450437412253;0.000535154
0.00048740148332925806;0.00053557364
0.0004870053754482222;0.00052869023
0.00048677467030326004;0.00053286797
0.00048663444820129753;0.0005309293
0.00048723453226940413;0.00052838016
0.00048590581021639275;0.00052930624
0.0004878058421462284;0.0005329139
0.00048721316331801445;0.000529667
0.000487795835177071;0.0005500185
0.0004868402735538487;0.0005292411
0.00048656478741720906;0.00053086237
0.0004869627868940466;0.0005315944
0.00048601523694263675;0.00052985724
0.0004872595220436587;0.00052971806
0.00048688444106741565;0.00053350616
0.000486035305105983;0.0005323825
0.00048593772961267906;0.00053128623
0.0004866262363257671;0.0005324665
0.00048666924458781356;0.0005302398
0.00048807716107388075;0.00054086605
0.0004874429506200709;0.00053325633
0.0004861979232181942;0.0005269768
0.00048659997149738237;0.00052890513
0.0004869967395758354;0.0005312819
0.0004867493720284026;0.00053284894
0.0004858544742762062;0.00053420797
0.0004855168456407754;0.00052999874
0.000486230843173536;0.0005304183
0.0004892795518236725;0.0005395074
0.00048644230103634886;0.00052834454
0.00048626119908141464;0.0005353673
0.0004864841814483761;0.0005381358
0.0004861758753816646;0.0005357885
0.00048755253527288963;0.00052941864
0.0004881402307594391;0.00052999356
0.0004860826139951027;0.000531557
0.000486529353503628;0.00052890263
0.00048715717444122817;0.0005326529
0.000486372987200555;0.0005338046
0.0004859010894219146;0.00053593924
0.00048726403160559895;0.0005282904
0.00048575816908851265;0.0005295761
0.000485774106958783;0.00053723424
0.00048610188946201415;0.00053539994
0.0004863903707653088;0.00053096784
0.00048576034804634555;0.00053944654
0.00048635602349685015;0.0005285969
0.0004869019248106174;0.0005312036
0.00048615455590678673;0.0005435726
0.0004873640193469136;0.0005299402
0.0004865889736193869;0.00053067604
0.00048604687908664345;0.00053550483
0.00048653514317457416;0.00052999886
0.0004860480879678538;0.00052978605
0.00048612450068743015;0.00053382595
0.0004866870743602416;0.0005295689
0.0004857933294260874;0.000539385
0.00048602046950499677;0.0005291798
0.000485837551471042;0.00052997627
0.0004865632908676114;0.0005305814
0.00048625747164662337;0.00052841153
0.0004872632652557896;0.0005300488
0.00048602248716633767;0.0005384112
0.0004863899504447258;0.00052870176
0.0004873935560585539;0.00052959344
0.000486176502798978;0.0005357059
0.00048630402689971223;0.0005310152
0.0004853207035921514;0.0005288432
0.00048565213372440714;0.00052822864
0.0004869393517238725;0.00052954274
0.00048686588507782864;0.00053220877
0.00048652446314104294;0.0005266937
0.0004864305089301381;0.00052771077
0.0004864578283894317;0.00052669557
0.0004853641981945226;0.0005311126
0.0004872934834565967;0.0005296024
0.0004867317779970012;0.0005339953
0.00048595996172240885;0.0005380552
0.00048637964615696355;0.0005274904
0.0004861738215703027;0.00052738213
0.00048469588999930575;0.0005284299
0.0004860028396299305;0.0005426267
0.00048601117481379523;0.00053195294
0.00048614743894799365;0.00052979763
0.00048637488951882056;0.00053731765
0.0004867822471025743;0.0005323966
0.00048606184948431815;0.0005275413
0.0004862109091941659;0.0005301634
0.00048547465825992585;0.00052921096
0.0004870816486225905;0.0005318103
0.0004856334222590943;0.0005296044
0.0004847073808042823;0.00052823254
0.00048610856312351593;0.00052562275
0.00048472233772228816;0.0005324597
0.0004876591795197639;0.0005294276
0.0004856344223586156;0.0005292571
0.00048578442886202153;0.0005296301
0.0004876996237343471;0.0005276968
0.00048529833392852817;0.00052761304
0.00048627867531889166;0.0005277661
0.0004853227656751283;0.0005302945
0.00048652428622038936;0.00053186686
0.0004867634999467746;0.00052625744
0.0004859889506693243;0.0005325474
0.00048688199695836947;0.000529514
0.00048665741679111593;0.000536987
0.00048469746957140923;0.00052974006
0.00048631731141971326;0.0005316434
0.0004859183619325784;0.00052885147
0.00048536393411555573;0.00053581956
0.00048662447079550475;0.00052919117
0.00048480790742599456;0.0005287917
0.0004889893106577036;0.0005274905
0.00048499602279135665;0.00053040363
0.00048521639255341145;0.0005276094
0.00048651994653291214;0.0005265623
0.00048516232361036694;0.0005278412
0.0004862405388848856;0.0005494583
0.0004862889114424194;0.00052931154
0.00048584894883740495;0.0005302542
0.00048554623805868784;0.0005325636
0.0004845647034112756;0.0005294221
0.00048598375778008055;0.00052971666
0.0004851851517359089;0.00053502945
0.00048704019557733677;0.0005320025
0.00048670728896180854;0.0005331038
0.00048536250618972667;0.00052684493
0.00048614571462262816;0.0005378088
0.0004863062616143572;0.000528039
0.0004864342238043288;0.00052836025
0.00048502633167357234;0.0005282052
0.0004848120213290186;0.0005263828
0.0004857616038000407;0.00053008297
0.0004865266595611741;0.0005323969
0.00048484363360330464;0.0005363112
0.0004858255580888669;0.00053042464
0.0004872882066257788;0.0005284215
0.00048457061056979;0.00052970124
0.0004851373709052017;0.00052789
0.0004849128746795223;0.0005332741
0.0004849007759108453;0.0005273448
0.00048613657954296;0.0005485525
0.00048749702875379864;0.0005290584
0.00048447356645115895;0.0005298581
0.0004848991142353043;0.0005280646
0.0004856208112630013;0.0005297235
0.000486237943129565;0.00052974804
0.0004857207354354231;0.0005280608
0.00048560907858987584;0.0005571685
0.0004857492564233804;0.0005282752
0.00048586000109360997;0.000530083
0.0004848376538383921;0.0005270155
0.0004857360795875521;0.0005311044
0.0004876411742052848;0.00052699714
0.0004856739269790093;0.000528881
0.0004854939125882658;0.0005293683
0.0004855983795622658;0.0005275729
0.000484906800863284;0.000539315
0.0004863354948802704;0.00053990755
0.0004849713304888849;0.00052962545
0.00048479400896834894;0.00052983616
0.0004852422433415134;0.0005267928
0.00048495476458858895;0.00052812503
0.00048558919424019557;0.00052924774
0.00048462445434109357;0.0005312458
0.0004859304904177981;0.0005298292
0.00048662110715859424;0.0005284399
0.0004852361920424492;0.00052477303
0.0004849730561928529;0.00052878394
0.00048445938798402877;0.00052627694
0.0004867728646403473;0.00052868086
0.00048493518935222377;0.0005286413
0.00048556026242869467;0.0005285271
0.0004849425667137104;0.0005276069
0.0004849412898214436;0.00052759954
0.00048564668717230425;0.0005286534
0.0004876360661766835;0.0005314879
0.0004852639005740026;0.00052766403
0.0004842180205741897;0.0005262784
0.00048525262314605676;0.0005294057
0.000485966193771578;0.00052611827
0.00048419851702515427;0.0005324185
0.0004851608229249618;0.00052731414
0.0004850293517321054;0.0005252544
0.0004852610430373859;0.00054984563
0.00048534707120301106;0.000527275
0.0004848158066651147;0.00052648794
0.00048506096783584277;0.00052796537
0.00048610257876326185;0.00052722
0.00048505992745049296;0.0005273978
0.0004847176486356674;0.00053233345
0.0004858679257602872;0.00052769814
0.00048682285613674476;0.0005332689
0.0004850185503815546;0.0005296769
0.0004847567723022382;0.0005260261
0.0004855330662777353;0.0005272847
0.00048698167114420547;0.0005275606
0.0004848516089719181;0.00054196065
0.0004848887454595809;0.0005314038
0.00048661491309758275;0.0005447145
0.00048534802580865;0.0005283687
0.0004848290659107366;0.00053361617
0.0004840099318626974;0.0005287657
0.00048502798277982753;0.000528724
0.00048437698002855637;0.00053019746
0.0004856831558036471;0.00053014234
0.00048456631407852433;0.00052693306
0.0004850678092273148;0.0005270472
0.00048425801704931806;0.0005279363
0.00048433012148291855;0.00053960044
0.00048563089129809097;0.00052546395
0.0004875924138009156;0.00053869764
0.0004845920346652795;0.0005387077
0.0004845622029327052;0.0005286611
0.00048558420385234056;0.0005275481
0.0004853608988923952;0.0005255685
0.00048559596808014536;0.00053415034
0.0004848326724880424;0.0005251811
0.0004860053523627453;0.00052618847
0.0004852046886777603;0.0005269333
0.00048533035212466;0.0005270101
0.00048365774089593046;0.0005338305
0.00048422979046958256;0.0005318417
0.0004846498564706723;0.00052827015
0.0004848986908511602;0.0005247009
0.00048569648229443516;0.00052601757
0.0004845533702265177;0.0005277334
0.0004853400677491568;0.0005279012
0.0004847159538736665;0.00052996544
0.00048464271760741736;0.00052662473
0.00048562985336359003;0.00052566436
0.000485557352045649;0.000526192
0.0004844898728678297;0.00053708546
0.0004842884088008616;0.0005348434
0.00048634044176555776;0.0005269586
0.0004845687237225081;0.00053172454
0.00048419081630479347;0.00052776013
0.00048434600083917186;0.0005254814
0.000485344218261736;0.0005318269
0.0004848614426966953;0.00052831986
0.0004861848709161246;0.0005307272
0.0004844927504707716;0.00053414004
0.00048570930620802467;0.00052593934
0.00048377946506278883;0.00053085905
0.00048597797347036634;0.0005292257
0.00048471421943854933;0.0005305039
0.0004837061915742724;0.0005269979
0.00048541327521793153;0.0005331243
0.00048693685384932907;0.00052523904
0.0004865787145191509;0.0005303048
0.0004846135431618773;0.00052765355
0.00048431697849944037;0.0005249395
0.0004844665625377705;0.00052916526
0.0004839470323579582;0.0005254957
0.00048367252931807585;0.0005311839
0.0004849493907960622;0.00052705815
0.00048451242940868004;0.0005292029
0.00048400801407344837;0.000538928
0.0004840595188158515;0.00052689045
0.00048565503721444034;0.00052565575
0.0004864300074251859;0.000534012
0.0004835797653006586;0.0005263539
0.0004854552901202911;0.00052577816
0.00048563922158025794;0.0005247771
0.00048540370756343593;0.0005259917
0.0004850122466450557;0.00052663777
0.00048537496171009384;0.00052386144
0.000483564358345527;0.00052512815
0.00048423248379932425;0.0005292067
0.00048493011762682154;0.0005265694
0.00048468276937982364;0.0005281112
0.00048404114296365724;0.00052682497
0.00048512480555616905;0.0005266939
0.0004857123697691254;0.0005296151
0.00048395377157966753;0.00052572804
0.0004852997970853099;0.00052601524
0.00048438145098962676;0.000531234
0.0004868775894130139;0.0005376934
0.00048583850745528346;0.0005243726
0.0004843765139077349;0.0005253435
0.00048384980702968804;0.00052359723
0.0004841175687033683;0.0005255963
0.0004839916041084124;0.0005285932
0.0004850837538374196;0.0005282264
0.0004858057734581005;0.00052754075
0.00048512145815613237;0.0005249447
0.00048355836249691875;0.00052699517
0.00048411132240864006;0.0005279642
0.00048377934297987897;0.00052800064
0.0004835855264804865;0.00053364766
0.00048521908159416757;0.0005276792
0.0004844624437330487;0.0005318778
0.0004833060203389706;0.0005323203
0.0004837593497206016;0.00053823984
0.0004835888095457401;0.00052402687
0.0004848685748201158;0.00052778586
0.00048453220530829736;0.0005291798
0.00048404610041823045;0.0005241535
0.0004847700733654691;0.00053533795
0.0004852514657326729;0.00052638823
0.0004837186640974036;0.00052807905
0.0004842394794410977;0.00052507094
0.00048328839613149237;0.0005280369
0.00048437846401755354;0.00052841054
0.00048541530651211934;0.00052455784
0.0004843812491009502;0.0005378438
0.0004846822969787019;0.0005257688
0.00048405832846918587;0.0005273569
0.0004842983955505157;0.00052883854
0.00048335803194755786;0.00052476564
0.0004837778752277556;0.0005259877
0.0004845186289841015;0.0005275916
0.00048559792309166175;0.00052672316
0.0004844070453576646;0.0005286085
0.0004838635474075808;0.00052854675
0.00048596035600272254;0.0005238831
0.0004853897698922083;0.00052875484
0.00048454718979835314;0.00052602857
0.0004836618762438823;0.00052538107
0.0004849797702933613;0.00052570004
0.00048444436412721286;0.0005295808
0.0004849078080089959;0.0005268916
0.00048427242191361364;0.0005273252
0.0004839946281495749;0.0005309413
0.0004838450589695161;0.0005283823
0.00048427620924102436;0.0005470727
0.0004848072698989295;0.00052740116
0.00048446438143544485;0.0005344487
0.0004836612811471385;0.00052499794
0.00048423879381612336;0.0005274597
0.0004846460254875159;0.0005259325
0.0004834309463867133;0.0005265106
0.00048510579615953917;0.0005260244
0.000485097092276096;0.0005247927
0.00048314198012169645;0.00052302575
0.0004846597673971892;0.0005279025
0.00048309031653365024;0.00052314467
0.00048368576604652366;0.00052591786
0.0004836656507043364;0.0005241865
0.00048374570308767846;0.00052474556
0.00048368214583637096;0.00052330457
0.0004834456004717044;0.00052613224
0.0004842961256049181;0.00052396406
0.00048344367211316955;0.00052803557
0.0004848261337764071;0.0005245351
0.00048279898887573693;0.0005243937
0.0004842348520852331;0.0005269167
0.00048465503848427416;0.0005266549
0.0004830923927090082;0.00052554056
0.0004826426354396206;0.0005239358
0.00048310394478520675;0.00054057484
0.00048616666708288617;0.00052306504
0.00048244899877126476;0.0005267095
0.00048267030092814057;0.0005262183
0.0004821567419352696;0.00053555565
0.0004831849242021379;0.00052399014
0.00048291935833587654;0.00052423537
0.00048208269367215075;0.0005236094
0.0004828009947423676;0.00052397454
0.00048331393290458147;0.00052739325
0.00048302508535255726;0.00053036347
0.0004814141887963112;0.0005267408
0.00048285156601770337;0.0005295231
0.0004827077708844292;0.00052239996
0.0004836334058046831;0.00053737377
0.00048251353957886364;0.00053003593
0.0004828738721124338;0.000525598
0.0004827526125346163;0.0005255816
0.0004837382908015953;0.000525675
0.00048212042112074987;0.0005221402
0.0004827330319370192;0.00052494614
0.0004811996243293642;0.0005242386
0.0004836336084592499;0.00053224096
0.0004827225807515022;0.00052494864
0.00048253103128732426;0.00052341097
0.0004824796674687317;0.00052302954
0.0004824289214172352;0.0005219983
0.000482965995998759;0.0005228434
0.00048173841327968006;0.0005265772
0.0004819001330025984;0.0005249147
0.00048225856459650556;0.00052677456
0.00048211013659295673;0.000524023
0.0004806983094711445;0.00052464654
0.0004819414206155527;0.00052019436
0.0004838012428464074;0.00052473426
0.0004829329380299896;0.00052877335
0.00048416574856290887;0.00052624336
0.00048262150008476486;0.00052469666
0.0004809043065362953;0.0005318873
0.0004829708399483934;0.0005337905
0.00048195510186671624;0.0005228802
0.00048194184277427235;0.0005230098
0.0004812991644844021;0.0005253374
0.0004818192938967657;0.00052866485
0.000481358495093637;0.0005213824
0.00048110302182306585;0.00052301213
0.00048306530653989234;0.00052298576
0.00048166626411808754;0.000522757
0.0004811109809548055;0.0005236891
0.00048163895231769665;0.00052562985
0.0004816245900369004;0.0005257565
0.0004812793600936665;0.0005255001
0.00048210546022011455;0.00053014106
0.0004816839034901932;0.000523926
0.0004826125675064855;0.0005229944
0.00048235973625100756;0.0005257014
0.00048241151686708784;0.0005224764
0.00048203044816067344;0.0005215581
0.00048147261887176063;0.00052324485
0.00048195955567184443;0.0005255326
0.00048148769955763497;0.00052353606
0.0004823064966139531;0.00051954354
0.00048233688821231846;0.0005263531
0.00048262003907247595;0.00052573875
0.0004830035434631435;0.0005262259
0.00048053578142762967;0.00052300503
0.0004825734424613122;0.0005253118
0.00048116943707052424;0.00052597164
0.00048215342884711724;0.0005246547
0.00048111504691309836;0.0005242333
0.0004819492049711315;0.00052681303
0.0004817206103134116;0.00052223104
0.0004818162139456131;0.00053652906
0.0004806618097446565;0.0005242725
0.0004809461990493889;0.0005251217
0.0004815748083944383;0.0005252027
0.0004822706298191885;0.00052123267
0.00048294255041247725;0.00052674394
0.00048098178323064197;0.00052174344
0.00048185542691498996;0.0005229746
0.0004807300773743344;0.0005225061
0.00048123306417102485;0.0005298773
0.00048213588766214487;0.00052586565
0.00047999796178804614;0.00052289123
0.00048114914940302505;0.00052092323
0.00048161503708749813;0.0005218246
0.0004815485553607639;0.00052445376
0.00048072625420325876;0.00053048687
0.0004814545646934819;0.00052318006
0.0004811561723104923;0.0005248829
0.0004809856707365007;0.000531185
0.00048251813384826833;0.00052528264
0.00048044065846816487;0.00052156864
0.00048084093815352964;0.00052905804
0.0004806113214918265;0.00052237825
0.00048276242603989024;0.000525166
0.00048087828480148395;0.00052320014
0.00048148600234478516;0.00052536075
0.0004816408491215522;0.0005260482
0.00048077082671960325;0.0005254242
0.0004809816686534568;0.0005239018
0.00048049470014551555;0.00052219967
0.0004819019239604179;0.0005264916
0.0004809762908783006;0.0005227407
0.00048142561021162885;0.00052690436
0.000480496805424704;0.0005221684
0.00048288469169117314;0.0005276991
0.00048173391811647697;0.0005248667
0.0004803244733729547;0.0005227095
0.00048167347420913806;0.00052150025
0.00048096627548435016;0.0005228813
0.00048193524064692227;0.0005233615
0.00048120405561731836;0.00052016706
0.0004800463119815839;0.0005253159
0.00048157796493461844;0.00053135306
0.0004803115802228843;0.00052625005
0.0004817010340048;0.0005219626
0.0004807541463953002;0.00052347226
0.00048102998514782243;0.0005274127
0.0004830343181598245;0.0005222134
0.00047982702595426846;0.0005265083
0.00048067566914189805;0.0005219194
0.0004809415761356879;0.0005252458
0.000480641134230322;0.000523062
0.00048265410051068387;0.0005224589
0.0004805463579127957;0.00052452734
0.0004817487760814593;0.0005204991
0.0004807751936727743;0.00052149984
0.00047992223377437576;0.0005232902
0.0004796830796342539;0.0005254658
0.00048196556040477987;0.0005230649
0.00048067445627805825;0.0005234849
0.0004806633012393784;0.0005234112
0.0004826956978496654;0.000522208
0.00048079780934035383;0.00052773923
0.0004799679813195804;0.00052357704
0.00048031316102041223;0.0005214797
0.00048030061206143156;0.0005205789
0.00048080554927429673;0.00052135764
0.0004804599045248898;0.0005243038
0.00048019458175220184;0.0005241932
0.00048226975747016506;0.0005319433
0.000480514161876942;0.0005216403
0.0004812576068185368;0.0005239947
0.00047977882173941717;0.0005218025
0.0004801245459882346;0.0005222453
0.00048134389921630685;0.0005258334
0.0004842129693746469;0.00052546134
0.00048033027284729636;0.0005227788
0.0004799705315810187;0.0005243551
0.00047974682345643246;0.00052216306
0.0004812230299361736;0.0005312917
0.00048043361227763327;0.00052271807
0.00048121587039388127;0.00052216696
0.0004807683777088594;0.00052378955
0.00047962609188337074;0.0005252725
0.00048051062346387066;0.00052154256
0.00047951228120119164;0.0005287721
0.00048087567786416526;0.0005266194
0.00048043629381266473;0.0005248123
0.0004822546185766298;0.00052640046
0.00048061108774211456;0.00052115676
0.0004803973078531654;0.00052377663
0.000479689492586706;0.0005223484
0.00048122014819742425;0.0005572381
0.00048117513498781544;0.00052170106
0.00048010166011456596;0.00052235153
0.00048089110488562205;0.000522439
0.00048018116641814184;0.0005256808
0.000480364350062844;0.00053376716
0.00048051271618245855;0.0005233105
0.00047981814223978865;0.0005254452
0.00048180897658886877;0.0005225664
0.00048096971080859046;0.00052470574
0.00048097152474311817;0.0005249363
0.0004804817463369354;0.000519758
0.0004811624774255937;0.00052179955
0.0004801360766195055;0.0005262697
0.0004811178102452112;0.0005224424
0.00047948851577913097;0.0005264485
0.0004814013022328972;0.0005242826
0.00047950863602301596;0.00052327255
0.00047977564099710435;0.0005221185
0.0004803681811991785;0.0005234577
0.0004803842071468305;0.00052170636
0.0004806903337961749;0.0005306163
0.00047980256908646733;0.0005257181
0.00048019563362590575;0.0005255099
0.0004804213944896075;0.0005275236
0.0004804422967074635;0.00052290474
0.0004806033668022505;0.00052152894
0.0004807635513747013;0.00052207813
0.00048151065145104533;0.00052433636
0.00047956954176219083;0.0005295295
0.0004793048912879864;0.0005231925
0.0004805262598797287;0.0005222156
0.00048056776791590415;0.0005313195
0.0004800030105367401;0.00052250305
0.0004807516053245452;0.0005334223
0.0004808122097624858;0.00052222074
0.000482111306260585;0.0005207136
0.00047952231267883787;0.00052198046
0.00047939886725017507;0.0005232334
0.00048031755830283817;0.00052267965
0.00047969158009724007;0.0005311782
0.0004796083117406325;0.0005245376
0.0004807687755122683;0.00052607665
0.00048053554338893214;0.0005245367
0.00048042289195827356;0.00052762823
0.0004795812024416304;0.00052433595
0.00048004222427200724;0.00052200054
0.00048010191500284956;0.00052137166
0.0004800838854862377;0.00052116264
0.00048167890406483296;0.0005237394
0.00047985319918217626;0.0005241457
0.00048053219154673186;0.0005216313
0.00047867159913661647;0.0005233321
0.0004800498133255659;0.00053733715
0.0004805263009314474;0.0005207262
0.0004823877079424595;0.00052533287
0.000480552006047219;0.000520289
0.0004807039703193464;0.0005239888
0.00047976507293673136;0.0005305458
0.00047951317606738917;0.0005219638
0.00048142558233322283;0.00051967136
0.00047949759234478206;0.000521775
0.00048032479856996554;0.00052987295
0.00048045731979838916;0.00052283297
0.0004789485282105345;0.0005216081
0.00048040870981487006;0.00052359654
0.00048027701253120446;0.00052225945
0.0004791876411457595;0.00052695733
0.00048174745553344683;0.00052468944
0.0004804730027803759;0.0005215119
0.00047969220154060933;0.0005299956
0.0004811901472030992;0.0005257272
0.00047943289759323787;0.00052339357
0.00048090204945765435;0.0005219583
0.00047909266355226893;0.00052081543
0.0004804580057297196;0.00052207726
0.0004795665989053975;0.00052093883
0.0004806112847290933;0.0005337024
0.0004802966309637812;0.00052052067
0.0004790864508035348;0.00053486327
0.000479681228936993;0.0005287527
0.00047937115734001913;0.0005226428
0.00047951057786121964;0.0005266132
0.0004795705937890728;0.0005258392
0.00048044357191477167;0.00052261486
0.00047949433057127816;0.00052192435
0.0004797158536109093;0.0005229889
0.0004804041248893267;0.00052985497
0.0004806050728994275;0.00052383187
0.00047965376840071065;0.0005247146
0.0004787933007863007;0.00052121375
0.0004800410040556208;0.00052540086
0.00047910333929681464;0.0005233166
0.00048040579192609967;0.00052152085
0.00048031693149823694;0.0005223621
0.00048086009000575074;0.00052276434
0.0004792538217244376;0.0005309371
0.0004806808024448784;0.00052150985
